UNITS=MM
#Layer_Color=9474304
#
#Feature symbol names
#
$0 r127

#
#Feature attribute names
#

#
#Layer features
#
L 24.384 73.406 24.384 73.66 0 P 0
L 24.384 73.406 24.638 73.406 0 P 0
L 24.384 73.66 24.638 73.914 0 P 0
L 24.384 74.168 24.384 74.422 0 P 0
L 24.384 74.168 24.638 73.914 0 P 0
L 24.384 74.422 24.638 74.422 0 P 0
L 24.384 78.486 24.384 78.74 0 P 0
L 24.384 78.486 24.638 78.486 0 P 0
L 24.384 78.74 24.638 78.994 0 P 0
L 24.384 79.248 24.384 79.502 0 P 0
L 24.384 79.248 24.638 78.994 0 P 0
L 24.384 79.502 24.638 79.502 0 P 0
L 24.638 73.406 24.892 73.66 0 P 0
L 24.638 74.422 24.892 74.168 0 P 0
L 24.638 78.486 24.892 78.74 0 P 0
L 24.638 79.502 24.892 79.248 0 P 0
L 24.892 73.66 25.146 73.406 0 P 0
L 24.892 74.168 25.146 74.422 0 P 0
L 24.892 78.74 25.146 78.486 0 P 0
L 24.892 79.248 25.146 79.502 0 P 0
L 25.146 73.406 25.4 73.406 0 P 0
L 25.146 73.914 25.4 73.66 0 P 0
L 25.146 73.914 25.4 74.168 0 P 0
L 25.146 74.422 25.4 74.422 0 P 0
L 25.146 78.486 25.4 78.486 0 P 0
L 25.146 78.994 25.4 78.74 0 P 0
L 25.146 78.994 25.4 79.248 0 P 0
L 25.146 79.502 25.4 79.502 0 P 0
L 25.4 73.406 25.4 73.66 0 P 0
L 25.4 74.168 25.4 74.422 0 P 0
L 25.4 78.486 25.4 78.74 0 P 0
L 25.4 79.248 25.4 79.502 0 P 0
L 25.908 111.76 26.416 111.252 0 P 0
L 25.908 111.76 26.416 112.268 0 P 0
L 26.416 111.252 26.924 111.76 0 P 0
L 26.416 112.268 26.924 111.76 0 P 0
L 27.178 67.564 27.178 68.072 0 P 0
L 27.178 67.564 27.432 67.564 0 P 0
L 27.178 68.072 27.432 68.072 0 P 0
L 27.178 70.104 27.178 70.612 0 P 0
L 27.178 70.104 27.432 70.104 0 P 0
L 27.178 70.612 27.432 70.612 0 P 0
L 27.178 72.644 27.178 73.152 0 P 0
L 27.178 72.644 27.432 72.644 0 P 0
L 27.178 73.152 27.432 73.152 0 P 0
L 27.178 75.184 27.178 75.692 0 P 0
L 27.178 75.184 27.432 75.184 0 P 0
L 27.178 75.692 27.432 75.692 0 P 0
L 27.178 79.883 27.178 80.391 0 P 0
L 27.178 79.883 27.432 79.883 0 P 0
L 27.178 80.391 27.432 80.391 0 P 0
L 27.178 82.423 27.178 82.931 0 P 0
L 27.178 82.423 27.432 82.423 0 P 0
L 27.178 82.931 27.432 82.931 0 P 0
L 27.178 84.963 27.178 85.471 0 P 0
L 27.178 84.963 27.432 84.963 0 P 0
L 27.178 85.471 27.432 85.471 0 P 0
L 27.178 87.503 27.178 88.011 0 P 0
L 27.178 87.503 27.432 87.503 0 P 0
L 27.178 88.011 27.432 88.011 0 P 0
L 27.178 90.043 27.178 90.551 0 P 0
L 27.178 90.043 27.432 90.043 0 P 0
L 27.178 90.551 27.432 90.551 0 P 0
L 27.178 92.583 27.178 93.091 0 P 0
L 27.178 92.583 27.432 92.583 0 P 0
L 27.178 93.091 27.432 93.091 0 P 0
L 27.178 95.123 27.178 95.631 0 P 0
L 27.178 95.123 27.432 95.123 0 P 0
L 27.178 95.631 27.432 95.631 0 P 0
L 27.178 97.663 27.178 98.171 0 P 0
L 27.178 97.663 27.432 97.663 0 P 0
L 27.178 98.171 27.432 98.171 0 P 0
L 27.178 100.203 27.178 100.711 0 P 0
L 27.178 100.203 27.432 100.203 0 P 0
L 27.178 100.711 27.432 100.711 0 P 0
L 27.178 102.743 27.178 103.251 0 P 0
L 27.178 102.743 27.432 102.743 0 P 0
L 27.178 103.251 27.432 103.251 0 P 0
L 27.432 67.31 27.432 67.564 0 P 0
L 27.432 67.31 27.94 67.31 0 P 0
L 27.432 68.072 27.432 68.326 0 P 0
L 27.432 68.326 27.94 68.326 0 P 0
L 27.432 69.85 27.432 70.104 0 P 0
L 27.432 69.85 27.94 69.85 0 P 0
L 27.432 70.612 27.432 70.866 0 P 0
L 27.432 70.866 27.94 70.866 0 P 0
L 27.432 72.39 27.432 72.644 0 P 0
L 27.432 72.39 27.94 72.39 0 P 0
L 27.432 73.152 27.432 73.406 0 P 0
L 27.432 73.406 27.94 73.406 0 P 0
L 27.432 74.93 27.432 75.184 0 P 0
L 27.432 74.93 27.94 74.93 0 P 0
L 27.432 75.692 27.432 75.946 0 P 0
L 27.432 75.946 27.94 75.946 0 P 0
L 27.432 79.629 27.432 79.883 0 P 0
L 27.432 79.629 27.94 79.629 0 P 0
L 27.432 80.391 27.432 80.645 0 P 0
L 27.432 80.645 27.94 80.645 0 P 0
L 27.432 82.169 27.432 82.423 0 P 0
L 27.432 82.169 27.94 82.169 0 P 0
L 27.432 82.931 27.432 83.185 0 P 0
L 27.432 83.185 27.94 83.185 0 P 0
L 27.432 84.709 27.432 84.963 0 P 0
L 27.432 84.709 27.94 84.709 0 P 0
L 27.432 85.471 27.432 85.725 0 P 0
L 27.432 85.725 27.94 85.725 0 P 0
L 27.432 87.249 27.432 87.503 0 P 0
L 27.432 87.249 27.94 87.249 0 P 0
L 27.432 88.011 27.432 88.265 0 P 0
L 27.432 88.265 27.94 88.265 0 P 0
L 27.432 89.789 27.432 90.043 0 P 0
L 27.432 89.789 27.94 89.789 0 P 0
L 27.432 90.551 27.432 90.805 0 P 0
L 27.432 90.805 27.94 90.805 0 P 0
L 27.432 92.329 27.432 92.583 0 P 0
L 27.432 92.329 27.94 92.329 0 P 0
L 27.432 93.091 27.432 93.345 0 P 0
L 27.432 93.345 27.94 93.345 0 P 0
L 27.432 94.869 27.432 95.123 0 P 0
L 27.432 94.869 27.94 94.869 0 P 0
L 27.432 95.631 27.432 95.885 0 P 0
L 27.432 95.885 27.94 95.885 0 P 0
L 27.432 97.409 27.432 97.663 0 P 0
L 27.432 97.409 27.94 97.409 0 P 0
L 27.432 98.171 27.432 98.425 0 P 0
L 27.432 98.425 27.94 98.425 0 P 0
L 27.432 99.949 27.432 100.203 0 P 0
L 27.432 99.949 27.94 99.949 0 P 0
L 27.432 100.711 27.432 100.965 0 P 0
L 27.432 100.965 27.94 100.965 0 P 0
L 27.432 102.489 27.432 102.743 0 P 0
L 27.432 102.489 27.94 102.489 0 P 0
L 27.432 103.251 27.432 103.505 0 P 0
L 27.432 103.505 27.94 103.505 0 P 0
L 27.432 109.22 27.94 108.712 0 P 0
L 27.432 109.22 27.94 109.728 0 P 0
L 27.94 67.31 27.94 67.564 0 P 0
L 27.94 67.564 28.194 67.564 0 P 0
L 27.94 68.072 27.94 68.326 0 P 0
L 27.94 68.072 28.194 68.072 0 P 0
L 27.94 69.85 27.94 70.104 0 P 0
L 27.94 70.104 28.194 70.104 0 P 0
L 27.94 70.612 27.94 70.866 0 P 0
L 27.94 70.612 28.194 70.612 0 P 0
L 27.94 72.39 27.94 72.644 0 P 0
L 27.94 72.644 28.194 72.644 0 P 0
L 27.94 73.152 27.94 73.406 0 P 0
L 27.94 73.152 28.194 73.152 0 P 0
L 27.94 74.93 27.94 75.184 0 P 0
L 27.94 75.184 28.194 75.184 0 P 0
L 27.94 75.692 27.94 75.946 0 P 0
L 27.94 75.692 28.194 75.692 0 P 0
L 27.94 79.629 27.94 79.883 0 P 0
L 27.94 79.883 28.194 79.883 0 P 0
L 27.94 80.391 27.94 80.645 0 P 0
L 27.94 80.391 28.194 80.391 0 P 0
L 27.94 82.169 27.94 82.423 0 P 0
L 27.94 82.423 28.194 82.423 0 P 0
L 27.94 82.931 27.94 83.185 0 P 0
L 27.94 82.931 28.194 82.931 0 P 0
L 27.94 84.709 27.94 84.963 0 P 0
L 27.94 84.963 28.194 84.963 0 P 0
L 27.94 85.471 27.94 85.725 0 P 0
L 27.94 85.471 28.194 85.471 0 P 0
L 27.94 87.249 27.94 87.503 0 P 0
L 27.94 87.503 28.194 87.503 0 P 0
L 27.94 88.011 27.94 88.265 0 P 0
L 27.94 88.011 28.194 88.011 0 P 0
L 27.94 89.789 27.94 90.043 0 P 0
L 27.94 90.043 28.194 90.043 0 P 0
L 27.94 90.551 27.94 90.805 0 P 0
L 27.94 90.551 28.194 90.551 0 P 0
L 27.94 92.329 27.94 92.583 0 P 0
L 27.94 92.583 28.194 92.583 0 P 0
L 27.94 93.091 27.94 93.345 0 P 0
L 27.94 93.091 28.194 93.091 0 P 0
L 27.94 94.869 27.94 95.123 0 P 0
L 27.94 95.123 28.194 95.123 0 P 0
L 27.94 95.631 27.94 95.885 0 P 0
L 27.94 95.631 28.194 95.631 0 P 0
L 27.94 97.409 27.94 97.663 0 P 0
L 27.94 97.663 28.194 97.663 0 P 0
L 27.94 98.171 27.94 98.425 0 P 0
L 27.94 98.171 28.194 98.171 0 P 0
L 27.94 99.949 27.94 100.203 0 P 0
L 27.94 100.203 28.194 100.203 0 P 0
L 27.94 100.711 27.94 100.965 0 P 0
L 27.94 100.711 28.194 100.711 0 P 0
L 27.94 102.489 27.94 102.743 0 P 0
L 27.94 102.743 28.194 102.743 0 P 0
L 27.94 103.251 27.94 103.505 0 P 0
L 27.94 103.251 28.194 103.251 0 P 0
L 27.94 108.712 28.448 109.22 0 P 0
L 27.94 109.728 28.448 109.22 0 P 0
L 28.194 67.564 28.194 68.072 0 P 0
L 28.194 70.104 28.194 70.612 0 P 0
L 28.194 72.644 28.194 73.152 0 P 0
L 28.194 75.184 28.194 75.692 0 P 0
L 28.194 79.883 28.194 80.391 0 P 0
L 28.194 82.423 28.194 82.931 0 P 0
L 28.194 84.963 28.194 85.471 0 P 0
L 28.194 87.503 28.194 88.011 0 P 0
L 28.194 90.043 28.194 90.551 0 P 0
L 28.194 92.583 28.194 93.091 0 P 0
L 28.194 95.123 28.194 95.631 0 P 0
L 28.194 97.663 28.194 98.171 0 P 0
L 28.194 100.203 28.194 100.711 0 P 0
L 28.194 102.743 28.194 103.251 0 P 0
L 29.718 68.58 29.718 68.834 0 P 0
L 29.718 68.58 29.972 68.58 0 P 0
L 29.718 68.834 29.972 69.088 0 P 0
L 29.718 69.342 29.718 69.596 0 P 0
L 29.718 69.342 29.972 69.088 0 P 0
L 29.718 69.596 29.972 69.596 0 P 0
L 29.718 73.914 29.718 74.168 0 P 0
L 29.718 73.914 29.972 73.914 0 P 0
L 29.718 74.168 29.972 74.422 0 P 0
L 29.718 74.676 29.718 74.93 0 P 0
L 29.718 74.676 29.972 74.422 0 P 0
L 29.718 74.93 29.972 74.93 0 P 0
L 29.718 123.952 29.718 124.206 0 P 0
L 29.718 123.952 29.972 123.952 0 P 0
L 29.718 124.206 29.972 124.46 0 P 0
L 29.718 124.714 29.718 124.968 0 P 0
L 29.718 124.714 29.972 124.46 0 P 0
L 29.718 124.968 29.972 124.968 0 P 0
L 29.972 68.58 30.226 68.834 0 P 0
L 29.972 69.596 30.226 69.342 0 P 0
L 29.972 73.914 30.226 74.168 0 P 0
L 29.972 74.93 30.226 74.676 0 P 0
L 29.972 123.952 30.226 124.206 0 P 0
L 29.972 124.968 30.226 124.714 0 P 0
L 30.226 68.834 30.48 68.58 0 P 0
L 30.226 69.342 30.48 69.596 0 P 0
L 30.226 74.168 30.48 73.914 0 P 0
L 30.226 74.676 30.48 74.93 0 P 0
L 30.226 124.206 30.48 123.952 0 P 0
L 30.226 124.714 30.48 124.968 0 P 0
L 30.48 68.58 30.734 68.58 0 P 0
L 30.48 69.088 30.734 68.834 0 P 0
L 30.48 69.088 30.734 69.342 0 P 0
L 30.48 69.596 30.734 69.596 0 P 0
L 30.48 73.914 30.734 73.914 0 P 0
L 30.48 74.422 30.734 74.168 0 P 0
L 30.48 74.422 30.734 74.676 0 P 0
L 30.48 74.93 30.734 74.93 0 P 0
L 30.48 123.952 30.734 123.952 0 P 0
L 30.48 124.46 30.734 124.206 0 P 0
L 30.48 124.46 30.734 124.714 0 P 0
L 30.48 124.968 30.734 124.968 0 P 0
L 30.734 68.58 30.734 68.834 0 P 0
L 30.734 69.342 30.734 69.596 0 P 0
L 30.734 73.914 30.734 74.168 0 P 0
L 30.734 74.676 30.734 74.93 0 P 0
L 30.734 123.952 30.734 124.206 0 P 0
L 30.734 124.714 30.734 124.968 0 P 0
L 31.75 67.818 31.75 68.072 0 P 0
L 31.75 67.818 32.004 67.818 0 P 0
L 31.75 68.072 32.004 68.326 0 P 0
L 31.75 68.58 31.75 68.834 0 P 0
L 31.75 68.58 32.004 68.326 0 P 0
L 31.75 68.834 32.004 68.834 0 P 0
L 31.75 70.104 31.75 70.358 0 P 0
L 31.75 70.104 32.004 70.104 0 P 0
L 31.75 70.358 32.004 70.612 0 P 0
L 31.75 70.866 31.75 71.12 0 P 0
L 31.75 70.866 32.004 70.612 0 P 0
L 31.75 71.12 32.004 71.12 0 P 0
L 31.75 72.136 31.75 72.39 0 P 0
L 31.75 72.136 32.004 72.136 0 P 0
L 31.75 72.39 32.004 72.644 0 P 0
L 31.75 72.898 31.75 73.152 0 P 0
L 31.75 72.898 32.004 72.644 0 P 0
L 31.75 73.152 32.004 73.152 0 P 0
L 31.75 74.168 31.75 74.422 0 P 0
L 31.75 74.168 32.004 74.168 0 P 0
L 31.75 74.422 32.004 74.676 0 P 0
L 31.75 74.93 31.75 75.184 0 P 0
L 31.75 74.93 32.004 74.676 0 P 0
L 31.75 75.184 32.004 75.184 0 P 0
L 31.75 76.454 31.75 76.708 0 P 0
L 31.75 76.454 32.004 76.454 0 P 0
L 31.75 76.708 32.004 76.962 0 P 0
L 31.75 77.216 31.75 77.47 0 P 0
L 31.75 77.216 32.004 76.962 0 P 0
L 31.75 77.47 32.004 77.47 0 P 0
L 32.004 67.818 32.258 68.072 0 P 0
L 32.004 68.834 32.258 68.58 0 P 0
L 32.004 70.104 32.258 70.358 0 P 0
L 32.004 71.12 32.258 70.866 0 P 0
L 32.004 72.136 32.258 72.39 0 P 0
L 32.004 73.152 32.258 72.898 0 P 0
L 32.004 74.168 32.258 74.422 0 P 0
L 32.004 75.184 32.258 74.93 0 P 0
L 32.004 76.454 32.258 76.708 0 P 0
L 32.004 77.47 32.258 77.216 0 P 0
L 32.258 68.072 32.512 67.818 0 P 0
L 32.258 68.58 32.512 68.834 0 P 0
L 32.258 70.358 32.512 70.104 0 P 0
L 32.258 70.866 32.512 71.12 0 P 0
L 32.258 72.39 32.512 72.136 0 P 0
L 32.258 72.898 32.512 73.152 0 P 0
L 32.258 74.422 32.512 74.168 0 P 0
L 32.258 74.93 32.512 75.184 0 P 0
L 32.258 76.708 32.512 76.454 0 P 0
L 32.258 77.216 32.512 77.47 0 P 0
L 32.512 67.818 32.766 67.818 0 P 0
L 32.512 68.326 32.766 68.072 0 P 0
L 32.512 68.326 32.766 68.58 0 P 0
L 32.512 68.834 32.766 68.834 0 P 0
L 32.512 70.104 32.766 70.104 0 P 0
L 32.512 70.612 32.766 70.358 0 P 0
L 32.512 70.612 32.766 70.866 0 P 0
L 32.512 71.12 32.766 71.12 0 P 0
L 32.512 72.136 32.766 72.136 0 P 0
L 32.512 72.644 32.766 72.39 0 P 0
L 32.512 72.644 32.766 72.898 0 P 0
L 32.512 73.152 32.766 73.152 0 P 0
L 32.512 74.168 32.766 74.168 0 P 0
L 32.512 74.676 32.766 74.422 0 P 0
L 32.512 74.676 32.766 74.93 0 P 0
L 32.512 75.184 32.766 75.184 0 P 0
L 32.512 76.454 32.766 76.454 0 P 0
L 32.512 76.962 32.766 76.708 0 P 0
L 32.512 76.962 32.766 77.216 0 P 0
L 32.512 77.47 32.766 77.47 0 P 0
L 32.766 67.818 32.766 68.072 0 P 0
L 32.766 68.58 32.766 68.834 0 P 0
L 32.766 70.104 32.766 70.358 0 P 0
L 32.766 70.866 32.766 71.12 0 P 0
L 32.766 72.136 32.766 72.39 0 P 0
L 32.766 72.898 32.766 73.152 0 P 0
L 32.766 74.168 32.766 74.422 0 P 0
L 32.766 74.93 32.766 75.184 0 P 0
L 32.766 76.454 32.766 76.708 0 P 0
L 32.766 77.216 32.766 77.47 0 P 0
L 33.528 92.456 34.036 91.948 0 P 0
L 33.528 92.456 34.036 92.964 0 P 0
L 33.528 96.266 33.528 96.52 0 P 0
L 33.528 96.266 33.782 96.266 0 P 0
L 33.528 96.52 33.782 96.774 0 P 0
L 33.528 97.028 33.528 97.282 0 P 0
L 33.528 97.028 33.782 96.774 0 P 0
L 33.528 97.282 33.782 97.282 0 P 0
L 33.528 98.552 33.528 98.806 0 P 0
L 33.528 98.552 33.782 98.552 0 P 0
L 33.528 98.806 33.782 99.06 0 P 0
L 33.528 99.314 33.528 99.568 0 P 0
L 33.528 99.314 33.782 99.06 0 P 0
L 33.528 99.568 33.782 99.568 0 P 0
L 33.782 96.266 34.036 96.52 0 P 0
L 33.782 97.282 34.036 97.028 0 P 0
L 33.782 98.552 34.036 98.806 0 P 0
L 33.782 99.568 34.036 99.314 0 P 0
L 34.036 91.948 34.544 92.456 0 P 0
L 34.036 92.964 34.544 92.456 0 P 0
L 34.036 96.52 34.29 96.266 0 P 0
L 34.036 97.028 34.29 97.282 0 P 0
L 34.036 98.806 34.29 98.552 0 P 0
L 34.036 99.314 34.29 99.568 0 P 0
L 34.29 96.266 34.544 96.266 0 P 0
L 34.29 96.774 34.544 96.52 0 P 0
L 34.29 96.774 34.544 97.028 0 P 0
L 34.29 97.282 34.544 97.282 0 P 0
L 34.29 98.552 34.544 98.552 0 P 0
L 34.29 99.06 34.544 98.806 0 P 0
L 34.29 99.06 34.544 99.314 0 P 0
L 34.29 99.568 34.544 99.568 0 P 0
L 34.544 96.266 34.544 96.52 0 P 0
L 34.544 97.028 34.544 97.282 0 P 0
L 34.544 98.552 34.544 98.806 0 P 0
L 34.544 99.314 34.544 99.568 0 P 0
L 34.798 69.08800254 35.052 69.59600254 0 P 0
L 34.798 69.08800254 35.306 69.34200254 0 P 0
L 34.798 70.10400254 35.052 69.59600254 0 P 0
L 34.798 70.10400254 35.306 69.85000254 0 P 0
L 34.798 75.14166836 35.052 75.64966836 0 P 0
L 34.798 75.14166836 35.306 75.39566836 0 P 0
L 34.798 76.15766836 35.052 75.64966836 0 P 0
L 34.798 76.15766836 35.306 75.90366836 0 P 0
L 34.798 81.19533418 35.052 81.70333418 0 P 0
L 34.798 81.19533418 35.306 81.44933418 0 P 0
L 34.798 82.21133418 35.052 81.70333418 0 P 0
L 34.798 82.21133418 35.306 81.95733418 0 P 0
L 34.798 87.249 35.052 87.757 0 P 0
L 34.798 87.249 35.306 87.503 0 P 0
L 34.798 88.265 35.052 87.757 0 P 0
L 34.798 88.265 35.306 88.011 0 P 0
L 35.306 69.34200254 35.814 69.08800254 0 P 0
L 35.306 69.85000254 35.814 70.10400254 0 P 0
L 35.306 75.39566836 35.814 75.14166836 0 P 0
L 35.306 75.90366836 35.814 76.15766836 0 P 0
L 35.306 81.44933418 35.814 81.19533418 0 P 0
L 35.306 81.95733418 35.814 82.21133418 0 P 0
L 35.306 87.503 35.814 87.249 0 P 0
L 35.306 88.011 35.814 88.265 0 P 0
L 35.56 69.59600254 35.814 69.08800254 0 P 0
L 35.56 69.59600254 35.814 70.10400254 0 P 0
L 35.56 75.64966836 35.814 75.14166836 0 P 0
L 35.56 75.64966836 35.814 76.15766836 0 P 0
L 35.56 81.70333418 35.814 81.19533418 0 P 0
L 35.56 81.70333418 35.814 82.21133418 0 P 0
L 35.56 87.757 35.814 87.249 0 P 0
L 35.56 87.757 35.814 88.265 0 P 0
L 36.83 102.616 37.338 102.108 0 P 0
L 36.83 102.616 37.338 103.124 0 P 0
L 37.338 102.108 37.846 102.616 0 P 0
L 37.338 103.124 37.846 102.616 0 P 0
L 39.878 69.08800254 40.132 69.59600254 0 P 0
L 39.878 69.08800254 40.386 69.34200254 0 P 0
L 39.878 70.10400254 40.132 69.59600254 0 P 0
L 39.878 70.10400254 40.386 69.85000254 0 P 0
L 39.878 75.14166836 40.132 75.64966836 0 P 0
L 39.878 75.14166836 40.386 75.39566836 0 P 0
L 39.878 76.15766836 40.132 75.64966836 0 P 0
L 39.878 76.15766836 40.386 75.90366836 0 P 0
L 39.878 81.19533418 40.132 81.70333418 0 P 0
L 39.878 81.19533418 40.386 81.44933418 0 P 0
L 39.878 82.21133418 40.132 81.70333418 0 P 0
L 39.878 82.21133418 40.386 81.95733418 0 P 0
L 39.878 87.249 40.132 87.757 0 P 0
L 39.878 87.249 40.386 87.503 0 P 0
L 39.878 88.265 40.132 87.757 0 P 0
L 39.878 88.265 40.386 88.011 0 P 0
L 40.005 119.888 40.513 119.38 0 P 0
L 40.005 119.888 40.513 120.396 0 P 0
L 40.386 69.34200254 40.894 69.08800254 0 P 0
L 40.386 69.85000254 40.894 70.10400254 0 P 0
L 40.386 75.39566836 40.894 75.14166836 0 P 0
L 40.386 75.90366836 40.894 76.15766836 0 P 0
L 40.386 81.44933418 40.894 81.19533418 0 P 0
L 40.386 81.95733418 40.894 82.21133418 0 P 0
L 40.386 87.503 40.894 87.249 0 P 0
L 40.386 88.011 40.894 88.265 0 P 0
L 40.513 119.38 41.021 119.888 0 P 0
L 40.513 120.396 41.021 119.888 0 P 0
L 40.64 69.59600254 40.894 69.08800254 0 P 0
L 40.64 69.59600254 40.894 70.10400254 0 P 0
L 40.64 75.64966836 40.894 75.14166836 0 P 0
L 40.64 75.64966836 40.894 76.15766836 0 P 0
L 40.64 81.70333418 40.894 81.19533418 0 P 0
L 40.64 81.70333418 40.894 82.21133418 0 P 0
L 40.64 87.757 40.894 87.249 0 P 0
L 40.64 87.757 40.894 88.265 0 P 0
L 40.894 117.983 41.402 117.475 0 P 0
L 40.894 117.983 41.402 118.491 0 P 0
L 41.402 117.475 41.91 117.983 0 P 0
L 41.402 118.491 41.91 117.983 0 P 0
L 42.49538872 99.20881352 43.00338872 98.70081352 0 P 0
L 42.49538872 99.20881352 43.00338872 99.71681352 0 P 0
L 42.545 94.234 43.053 93.726 0 P 0
L 42.545 94.234 43.053 94.742 0 P 0
L 43.00338872 98.70081352 43.51138872 99.20881352 0 P 0
L 43.00338872 99.71681352 43.51138872 99.20881352 0 P 0
L 43.053 93.726 43.561 94.234 0 P 0
L 43.053 94.742 43.561 94.234 0 P 0
L 43.434 100.33 43.434 100.584 0 P 0
L 43.434 100.33 43.688 100.33 0 P 0
L 43.434 100.584 43.688 100.838 0 P 0
L 43.434 101.092 43.434 101.346 0 P 0
L 43.434 101.092 43.688 100.838 0 P 0
L 43.434 101.346 43.688 101.346 0 P 0
L 43.688 100.33 43.942 100.584 0 P 0
L 43.688 101.346 43.942 101.092 0 P 0
L 43.688 123.952 44.196 123.444 0 P 0
L 43.688 123.952 44.196 124.46 0 P 0
L 43.942 100.584 44.196 100.33 0 P 0
L 43.942 101.092 44.196 101.346 0 P 0
L 44.196 100.33 44.45 100.33 0 P 0
L 44.196 100.838 44.45 100.584 0 P 0
L 44.196 100.838 44.45 101.092 0 P 0
L 44.196 101.346 44.45 101.346 0 P 0
L 44.196 123.444 44.704 123.952 0 P 0
L 44.196 124.46 44.704 123.952 0 P 0
L 44.45 100.33 44.45 100.584 0 P 0
L 44.45 101.092 44.45 101.346 0 P 0
L 44.958 69.08800254 45.212 69.59600254 0 P 0
L 44.958 69.08800254 45.466 69.34200254 0 P 0
L 44.958 70.10400254 45.212 69.59600254 0 P 0
L 44.958 70.10400254 45.466 69.85000254 0 P 0
L 44.958 71.374 45.466 70.866 0 P 0
L 44.958 71.374 45.466 71.882 0 P 0
L 44.958 73.914 45.466 73.406 0 P 0
L 44.958 73.914 45.466 74.422 0 P 0
L 44.958 75.14166836 45.212 75.64966836 0 P 0
L 44.958 75.14166836 45.466 75.39566836 0 P 0
L 44.958 76.15766836 45.212 75.64966836 0 P 0
L 44.958 76.15766836 45.466 75.90366836 0 P 0
L 44.958 81.19533418 45.212 81.70333418 0 P 0
L 44.958 81.19533418 45.466 81.44933418 0 P 0
L 44.958 82.21133418 45.212 81.70333418 0 P 0
L 44.958 82.21133418 45.466 81.95733418 0 P 0
L 44.958 87.249 45.212 87.757 0 P 0
L 44.958 87.249 45.466 87.503 0 P 0
L 44.958 88.265 45.212 87.757 0 P 0
L 44.958 88.265 45.466 88.011 0 P 0
L 44.958 100.33 44.958 100.584 0 P 0
L 44.958 100.33 45.212 100.33 0 P 0
L 44.958 100.584 45.212 100.838 0 P 0
L 44.958 101.092 44.958 101.346 0 P 0
L 44.958 101.092 45.212 100.838 0 P 0
L 44.958 101.346 45.212 101.346 0 P 0
L 45.212 100.33 45.466 100.584 0 P 0
L 45.212 101.346 45.466 101.092 0 P 0
L 45.466 69.34200254 45.974 69.08800254 0 P 0
L 45.466 69.85000254 45.974 70.10400254 0 P 0
L 45.466 70.866 45.974 71.374 0 P 0
L 45.466 71.882 45.974 71.374 0 P 0
L 45.466 73.406 45.974 73.914 0 P 0
L 45.466 74.422 45.974 73.914 0 P 0
L 45.466 75.39566836 45.974 75.14166836 0 P 0
L 45.466 75.90366836 45.974 76.15766836 0 P 0
L 45.466 81.44933418 45.974 81.19533418 0 P 0
L 45.466 81.95733418 45.974 82.21133418 0 P 0
L 45.466 87.503 45.974 87.249 0 P 0
L 45.466 88.011 45.974 88.265 0 P 0
L 45.466 100.584 45.72 100.33 0 P 0
L 45.466 101.092 45.72 101.346 0 P 0
L 45.72 69.59600254 45.974 69.08800254 0 P 0
L 45.72 69.59600254 45.974 70.10400254 0 P 0
L 45.72 75.64966836 45.974 75.14166836 0 P 0
L 45.72 75.64966836 45.974 76.15766836 0 P 0
L 45.72 81.70333418 45.974 81.19533418 0 P 0
L 45.72 81.70333418 45.974 82.21133418 0 P 0
L 45.72 87.757 45.974 87.249 0 P 0
L 45.72 87.757 45.974 88.265 0 P 0
L 45.72 100.33 45.974 100.33 0 P 0
L 45.72 100.838 45.974 100.584 0 P 0
L 45.72 100.838 45.974 101.092 0 P 0
L 45.72 101.346 45.974 101.346 0 P 0
L 45.974 100.33 45.974 100.584 0 P 0
L 45.974 101.092 45.974 101.346 0 P 0
L 46.863 116.205 47.117 116.205 0 P 0
L 46.863 116.205 47.117 116.459 0 P 0
L 46.863 116.713 47.117 116.459 0 P 0
L 46.863 116.713 47.117 116.713 0 P 0
L 46.863 116.967 47.117 116.967 0 P 0
L 46.863 116.967 47.117 117.221 0 P 0
L 46.863 117.475 47.117 117.221 0 P 0
L 46.863 117.475 47.117 117.475 0 P 0
L 46.99 104.14 46.99 104.394 0 P 0
L 46.99 104.14 47.244 104.14 0 P 0
L 46.99 104.394 47.244 104.648 0 P 0
L 46.99 104.902 46.99 105.156 0 P 0
L 46.99 104.902 47.244 104.648 0 P 0
L 46.99 105.156 47.244 105.156 0 P 0
L 46.99 105.918 46.99 106.172 0 P 0
L 46.99 105.918 47.244 105.918 0 P 0
L 46.99 106.172 47.244 106.426 0 P 0
L 46.99 106.68 46.99 106.934 0 P 0
L 46.99 106.68 47.244 106.426 0 P 0
L 46.99 106.934 47.244 106.934 0 P 0
L 46.99 107.696 46.99 107.95 0 P 0
L 46.99 107.696 47.244 107.696 0 P 0
L 46.99 107.95 47.244 108.204 0 P 0
L 46.99 108.458 46.99 108.712 0 P 0
L 46.99 108.458 47.244 108.204 0 P 0
L 46.99 108.712 47.244 108.712 0 P 0
L 47.117 116.205 47.371 115.951 0 P 0
L 47.117 116.713 47.371 116.967 0 P 0
L 47.117 116.967 47.371 116.713 0 P 0
L 47.117 117.475 47.371 117.729 0 P 0
L 47.244 104.14 47.498 104.394 0 P 0
L 47.244 105.156 47.498 104.902 0 P 0
L 47.244 105.918 47.498 106.172 0 P 0
L 47.244 106.934 47.498 106.68 0 P 0
L 47.244 107.696 47.498 107.95 0 P 0
L 47.244 108.712 47.498 108.458 0 P 0
L 47.371 115.951 47.625 116.205 0 P 0
L 47.371 116.713 47.625 116.967 0 P 0
L 47.371 116.967 47.625 116.713 0 P 0
L 47.371 117.729 47.625 117.475 0 P 0
L 47.498 104.394 47.752 104.14 0 P 0
L 47.498 104.902 47.752 105.156 0 P 0
L 47.498 106.172 47.752 105.918 0 P 0
L 47.498 106.68 47.752 106.934 0 P 0
L 47.498 107.95 47.752 107.696 0 P 0
L 47.498 108.458 47.752 108.712 0 P 0
L 47.625 116.205 47.879 116.205 0 P 0
L 47.625 116.459 47.879 116.205 0 P 0
L 47.625 116.459 47.879 116.713 0 P 0
L 47.625 116.713 47.879 116.713 0 P 0
L 47.625 116.967 47.879 116.967 0 P 0
L 47.625 116.967 47.879 116.967 0 P 0
L 47.625 116.967 47.879 117.221 0 P 0
L 47.625 117.221 47.879 116.967 0 P 0
L 47.625 117.221 47.879 117.475 0 P 0
L 47.625 117.475 47.879 117.221 0 P 0
L 47.625 117.475 47.879 117.475 0 P 0
L 47.625 117.475 47.879 117.475 0 P 0
L 47.62984632 116.21782192 47.88384632 116.21782192 0 P 0
L 47.62984632 116.21782192 47.88384632 116.47182192 0 P 0
L 47.62984632 116.72582192 47.88384632 116.47182192 0 P 0
L 47.62984632 116.72582192 47.88384632 116.72582192 0 P 0
L 47.752 104.14 48.006 104.14 0 P 0
L 47.752 104.648 48.006 104.394 0 P 0
L 47.752 104.648 48.006 104.902 0 P 0
L 47.752 105.156 48.006 105.156 0 P 0
L 47.752 105.918 48.006 105.918 0 P 0
L 47.752 106.426 48.006 106.172 0 P 0
L 47.752 106.426 48.006 106.68 0 P 0
L 47.752 106.934 48.006 106.934 0 P 0
L 47.752 107.696 48.006 107.696 0 P 0
L 47.752 108.204 48.006 107.95 0 P 0
L 47.752 108.204 48.006 108.458 0 P 0
L 47.752 108.712 48.006 108.712 0 P 0
L 47.879 116.967 48.133 116.713 0 P 0
L 47.879 117.475 48.133 117.729 0 P 0
L 47.88384632 116.21782192 48.13784632 115.96382192 0 P 0
L 47.88384632 116.72582192 48.13784632 116.97982192 0 P 0
L 48.006 104.14 48.006 104.394 0 P 0
L 48.006 104.902 48.006 105.156 0 P 0
L 48.006 105.918 48.006 106.172 0 P 0
L 48.006 106.68 48.006 106.934 0 P 0
L 48.006 107.696 48.006 107.95 0 P 0
L 48.006 108.458 48.006 108.712 0 P 0
L 48.133 116.713 48.387 116.967 0 P 0
L 48.133 117.729 48.387 117.475 0 P 0
L 48.13784632 115.96382192 48.39184632 116.21782192 0 P 0
L 48.13784632 116.97982192 48.39184632 116.72582192 0 P 0
L 48.26 100.33 48.26 100.584 0 P 0
L 48.26 100.33 48.514 100.33 0 P 0
L 48.26 100.584 48.514 100.838 0 P 0
L 48.26 101.092 48.26 101.346 0 P 0
L 48.26 101.092 48.514 100.838 0 P 0
L 48.26 101.346 48.514 101.346 0 P 0
L 48.387 116.967 48.641 116.967 0 P 0
L 48.387 117.221 48.641 116.967 0 P 0
L 48.387 117.221 48.641 117.475 0 P 0
L 48.387 117.475 48.641 117.475 0 P 0
L 48.39184632 116.21782192 48.64584632 116.21782192 0 P 0
L 48.39184632 116.47182192 48.64584632 116.21782192 0 P 0
L 48.39184632 116.47182192 48.64584632 116.72582192 0 P 0
L 48.39184632 116.72582192 48.64584632 116.72582192 0 P 0
L 48.514 100.33 48.768 100.584 0 P 0
L 48.514 101.346 48.768 101.092 0 P 0
L 48.768 100.584 49.022 100.33 0 P 0
L 48.768 101.092 49.022 101.346 0 P 0
L 48.895 123.571 49.403 123.063 0 P 0
L 48.895 123.571 49.403 124.079 0 P 0
L 49.022 100.33 49.276 100.33 0 P 0
L 49.022 100.838 49.276 100.584 0 P 0
L 49.022 100.838 49.276 101.092 0 P 0
L 49.022 101.346 49.276 101.346 0 P 0
L 49.276 100.33 49.276 100.584 0 P 0
L 49.276 101.092 49.276 101.346 0 P 0
L 49.276 104.14 49.276 104.394 0 P 0
L 49.276 104.14 49.53 104.14 0 P 0
L 49.276 104.394 49.53 104.648 0 P 0
L 49.276 104.902 49.276 105.156 0 P 0
L 49.276 104.902 49.53 104.648 0 P 0
L 49.276 105.156 49.53 105.156 0 P 0
L 49.276 105.918 49.276 106.172 0 P 0
L 49.276 105.918 49.53 105.918 0 P 0
L 49.276 106.172 49.53 106.426 0 P 0
L 49.276 106.68 49.276 106.934 0 P 0
L 49.276 106.68 49.53 106.426 0 P 0
L 49.276 106.934 49.53 106.934 0 P 0
L 49.276 107.696 49.276 107.95 0 P 0
L 49.276 107.696 49.53 107.696 0 P 0
L 49.276 107.95 49.53 108.204 0 P 0
L 49.276 108.458 49.276 108.712 0 P 0
L 49.276 108.458 49.53 108.204 0 P 0
L 49.276 108.712 49.53 108.712 0 P 0
L 49.403 123.063 49.911 123.571 0 P 0
L 49.403 124.079 49.911 123.571 0 P 0
L 49.53 100.33 49.53 100.584 0 P 0
L 49.53 100.33 49.784 100.33 0 P 0
L 49.53 100.584 49.784 100.838 0 P 0
L 49.53 101.092 49.53 101.346 0 P 0
L 49.53 101.092 49.784 100.838 0 P 0
L 49.53 101.346 49.784 101.346 0 P 0
L 49.53 104.14 49.784 104.394 0 P 0
L 49.53 105.156 49.784 104.902 0 P 0
L 49.53 105.918 49.784 106.172 0 P 0
L 49.53 106.934 49.784 106.68 0 P 0
L 49.53 107.696 49.784 107.95 0 P 0
L 49.53 108.712 49.784 108.458 0 P 0
L 49.784 100.33 50.038 100.584 0 P 0
L 49.784 101.346 50.038 101.092 0 P 0
L 49.784 104.394 50.038 104.14 0 P 0
L 49.784 104.902 50.038 105.156 0 P 0
L 49.784 106.172 50.038 105.918 0 P 0
L 49.784 106.68 50.038 106.934 0 P 0
L 49.784 107.95 50.038 107.696 0 P 0
L 49.784 108.458 50.038 108.712 0 P 0
L 50.038 69.08800254 50.292 69.59600254 0 P 0
L 50.038 69.08800254 50.546 69.34200254 0 P 0
L 50.038 70.10400254 50.292 69.59600254 0 P 0
L 50.038 70.10400254 50.546 69.85000254 0 P 0
L 50.038 75.14166836 50.292 75.64966836 0 P 0
L 50.038 75.14166836 50.546 75.39566836 0 P 0
L 50.038 76.15766836 50.292 75.64966836 0 P 0
L 50.038 76.15766836 50.546 75.90366836 0 P 0
L 50.038 81.19533418 50.292 81.70333418 0 P 0
L 50.038 81.19533418 50.546 81.44933418 0 P 0
L 50.038 82.21133418 50.292 81.70333418 0 P 0
L 50.038 82.21133418 50.546 81.95733418 0 P 0
L 50.038 87.249 50.292 87.757 0 P 0
L 50.038 87.249 50.546 87.503 0 P 0
L 50.038 88.265 50.292 87.757 0 P 0
L 50.038 88.265 50.546 88.011 0 P 0
L 50.038 100.584 50.292 100.33 0 P 0
L 50.038 101.092 50.292 101.346 0 P 0
L 50.038 104.14 50.292 104.14 0 P 0
L 50.038 104.648 50.292 104.394 0 P 0
L 50.038 104.648 50.292 104.902 0 P 0
L 50.038 105.156 50.292 105.156 0 P 0
L 50.038 105.918 50.292 105.918 0 P 0
L 50.038 106.426 50.292 106.172 0 P 0
L 50.038 106.426 50.292 106.68 0 P 0
L 50.038 106.934 50.292 106.934 0 P 0
L 50.038 107.696 50.292 107.696 0 P 0
L 50.038 108.204 50.292 107.95 0 P 0
L 50.038 108.204 50.292 108.458 0 P 0
L 50.038 108.712 50.292 108.712 0 P 0
L 50.292 100.33 50.546 100.33 0 P 0
L 50.292 100.838 50.546 100.584 0 P 0
L 50.292 100.838 50.546 101.092 0 P 0
L 50.292 101.346 50.546 101.346 0 P 0
L 50.292 104.14 50.292 104.394 0 P 0
L 50.292 104.902 50.292 105.156 0 P 0
L 50.292 105.918 50.292 106.172 0 P 0
L 50.292 106.68 50.292 106.934 0 P 0
L 50.292 107.696 50.292 107.95 0 P 0
L 50.292 108.458 50.292 108.712 0 P 0
L 50.546 69.34200254 51.054 69.08800254 0 P 0
L 50.546 69.85000254 51.054 70.10400254 0 P 0
L 50.546 75.39566836 51.054 75.14166836 0 P 0
L 50.546 75.90366836 51.054 76.15766836 0 P 0
L 50.546 81.44933418 51.054 81.19533418 0 P 0
L 50.546 81.95733418 51.054 82.21133418 0 P 0
L 50.546 87.503 51.054 87.249 0 P 0
L 50.546 88.011 51.054 88.265 0 P 0
L 50.546 100.33 50.546 100.584 0 P 0
L 50.546 101.092 50.546 101.346 0 P 0
L 50.546 112.903 50.546 113.157 0 P 0
L 50.546 112.903 50.8 112.903 0 P 0
L 50.546 113.157 50.8 113.411 0 P 0
L 50.546 113.665 50.546 113.919 0 P 0
L 50.546 113.665 50.8 113.411 0 P 0
L 50.546 113.919 50.8 113.919 0 P 0
L 50.8 69.59600254 51.054 69.08800254 0 P 0
L 50.8 69.59600254 51.054 70.10400254 0 P 0
L 50.8 75.64966836 51.054 75.14166836 0 P 0
L 50.8 75.64966836 51.054 76.15766836 0 P 0
L 50.8 81.70333418 51.054 81.19533418 0 P 0
L 50.8 81.70333418 51.054 82.21133418 0 P 0
L 50.8 87.757 51.054 87.249 0 P 0
L 50.8 87.757 51.054 88.265 0 P 0
L 50.8 112.903 51.054 113.157 0 P 0
L 50.8 113.919 51.054 113.665 0 P 0
L 51.054 113.157 51.308 112.903 0 P 0
L 51.054 113.665 51.308 113.919 0 P 0
L 51.308 112.903 51.562 112.903 0 P 0
L 51.308 113.411 51.562 113.157 0 P 0
L 51.308 113.411 51.562 113.665 0 P 0
L 51.308 113.919 51.562 113.919 0 P 0
L 51.562 104.14 51.562 104.394 0 P 0
L 51.562 104.14 51.816 104.14 0 P 0
L 51.562 104.394 51.816 104.648 0 P 0
L 51.562 104.902 51.562 105.156 0 P 0
L 51.562 104.902 51.816 104.648 0 P 0
L 51.562 105.156 51.816 105.156 0 P 0
L 51.562 105.918 51.562 106.172 0 P 0
L 51.562 105.918 51.816 105.918 0 P 0
L 51.562 106.172 51.816 106.426 0 P 0
L 51.562 106.68 51.562 106.934 0 P 0
L 51.562 106.68 51.816 106.426 0 P 0
L 51.562 106.934 51.816 106.934 0 P 0
L 51.562 112.903 51.562 113.157 0 P 0
L 51.562 113.665 51.562 113.919 0 P 0
L 51.816 104.14 52.07 104.394 0 P 0
L 51.816 105.156 52.07 104.902 0 P 0
L 51.816 105.918 52.07 106.172 0 P 0
L 51.816 106.934 52.07 106.68 0 P 0
L 52.07 95.123 52.578 94.615 0 P 0
L 52.07 95.123 52.578 95.631 0 P 0
L 52.07 104.394 52.324 104.14 0 P 0
L 52.07 104.902 52.324 105.156 0 P 0
L 52.07 106.172 52.324 105.918 0 P 0
L 52.07 106.68 52.324 106.934 0 P 0
L 52.324 104.14 52.578 104.14 0 P 0
L 52.324 104.648 52.578 104.394 0 P 0
L 52.324 104.648 52.578 104.902 0 P 0
L 52.324 105.156 52.578 105.156 0 P 0
L 52.324 105.918 52.578 105.918 0 P 0
L 52.324 106.426 52.578 106.172 0 P 0
L 52.324 106.426 52.578 106.68 0 P 0
L 52.324 106.934 52.578 106.934 0 P 0
L 52.578 94.615 53.086 95.123 0 P 0
L 52.578 95.631 53.086 95.123 0 P 0
L 52.578 104.14 52.578 104.394 0 P 0
L 52.578 104.902 52.578 105.156 0 P 0
L 52.578 105.918 52.578 106.172 0 P 0
L 52.578 106.68 52.578 106.934 0 P 0
L 52.832 102.362 52.832 102.616 0 P 0
L 52.832 102.362 53.086 102.362 0 P 0
L 52.832 102.616 53.086 102.87 0 P 0
L 52.832 103.124 52.832 103.378 0 P 0
L 52.832 103.124 53.086 102.87 0 P 0
L 52.832 103.378 53.086 103.378 0 P 0
L 53.086 93.726 53.594 93.218 0 P 0
L 53.086 93.726 53.594 94.234 0 P 0
L 53.086 102.362 53.34 102.616 0 P 0
L 53.086 103.378 53.34 103.124 0 P 0
L 53.34 102.616 53.594 102.362 0 P 0
L 53.34 103.124 53.594 103.378 0 P 0
L 53.594 93.218 54.102 93.726 0 P 0
L 53.594 94.234 54.102 93.726 0 P 0
L 53.594 102.362 53.848 102.362 0 P 0
L 53.594 102.87 53.848 102.616 0 P 0
L 53.594 102.87 53.848 103.124 0 P 0
L 53.594 103.378 53.848 103.378 0 P 0
L 53.594 115.951 54.102 115.443 0 P 0
L 53.594 115.951 54.102 116.459 0 P 0
L 53.848 102.362 53.848 102.616 0 P 0
L 53.848 103.124 53.848 103.378 0 P 0
L 53.848 104.14 53.848 104.394 0 P 0
L 53.848 104.14 54.102 104.14 0 P 0
L 53.848 104.394 54.102 104.648 0 P 0
L 53.848 104.902 53.848 105.156 0 P 0
L 53.848 104.902 54.102 104.648 0 P 0
L 53.848 105.156 54.102 105.156 0 P 0
L 53.848 105.918 53.848 106.172 0 P 0
L 53.848 105.918 54.102 105.918 0 P 0
L 53.848 106.172 54.102 106.426 0 P 0
L 53.848 106.68 53.848 106.934 0 P 0
L 53.848 106.68 54.102 106.426 0 P 0
L 53.848 106.934 54.102 106.934 0 P 0
L 53.848 121.666 53.848 121.92 0 P 0
L 53.848 121.666 54.102 121.666 0 P 0
L 53.848 121.92 54.102 122.174 0 P 0
L 53.848 122.428 53.848 122.682 0 P 0
L 53.848 122.428 54.102 122.174 0 P 0
L 53.848 122.682 54.102 122.682 0 P 0
L 54.102 88.646 54.102 89.662 0 P 0
L 54.102 88.646 55.118 88.646 0 P 0
L 54.102 89.662 55.118 89.662 0 P 0
L 54.102 104.14 54.356 104.394 0 P 0
L 54.102 105.156 54.356 104.902 0 P 0
L 54.102 105.918 54.356 106.172 0 P 0
L 54.102 106.934 54.356 106.68 0 P 0
L 54.102 115.443 54.61 115.951 0 P 0
L 54.102 116.459 54.61 115.951 0 P 0
L 54.102 121.666 54.356 121.92 0 P 0
L 54.102 122.682 54.356 122.428 0 P 0
L 54.356 101.092 54.356 101.346 0 P 0
L 54.356 101.092 54.61 101.092 0 P 0
L 54.356 101.346 54.61 101.6 0 P 0
L 54.356 101.854 54.356 102.108 0 P 0
L 54.356 101.854 54.61 101.6 0 P 0
L 54.356 102.108 54.61 102.108 0 P 0
L 54.356 104.394 54.61 104.14 0 P 0
L 54.356 104.902 54.61 105.156 0 P 0
L 54.356 106.172 54.61 105.918 0 P 0
L 54.356 106.68 54.61 106.934 0 P 0
L 54.356 121.92 54.61 121.666 0 P 0
L 54.356 122.428 54.61 122.682 0 P 0
L 54.61 101.092 54.864 101.346 0 P 0
L 54.61 102.108 54.864 101.854 0 P 0
L 54.61 104.14 54.864 104.14 0 P 0
L 54.61 104.648 54.864 104.394 0 P 0
L 54.61 104.648 54.864 104.902 0 P 0
L 54.61 105.156 54.864 105.156 0 P 0
L 54.61 105.918 54.864 105.918 0 P 0
L 54.61 106.426 54.864 106.172 0 P 0
L 54.61 106.426 54.864 106.68 0 P 0
L 54.61 106.934 54.864 106.934 0 P 0
L 54.61 121.666 54.864 121.666 0 P 0
L 54.61 122.174 54.864 121.92 0 P 0
L 54.61 122.174 54.864 122.428 0 P 0
L 54.61 122.682 54.864 122.682 0 P 0
L 54.61 123.698 54.61 123.952 0 P 0
L 54.61 123.698 54.864 123.698 0 P 0
L 54.61 123.952 54.864 124.206 0 P 0
L 54.61 124.46 54.61 124.714 0 P 0
L 54.61 124.46 54.864 124.206 0 P 0
L 54.61 124.714 54.864 124.714 0 P 0
L 54.864 101.346 55.118 101.092 0 P 0
L 54.864 101.854 55.118 102.108 0 P 0
L 54.864 104.14 54.864 104.394 0 P 0
L 54.864 104.902 54.864 105.156 0 P 0
L 54.864 105.918 54.864 106.172 0 P 0
L 54.864 106.68 54.864 106.934 0 P 0
L 54.864 121.666 54.864 121.92 0 P 0
L 54.864 122.428 54.864 122.682 0 P 0
L 54.864 123.698 55.118 123.952 0 P 0
L 54.864 124.714 55.118 124.46 0 P 0
L 55.118 88.646 55.118 89.662 0 P 0
L 55.118 101.092 55.372 101.092 0 P 0
L 55.118 101.6 55.372 101.346 0 P 0
L 55.118 101.6 55.372 101.854 0 P 0
L 55.118 102.108 55.372 102.108 0 P 0
L 55.118 123.952 55.372 123.698 0 P 0
L 55.118 124.46 55.372 124.714 0 P 0
L 55.372 69.596 55.372 69.85 0 P 0
L 55.372 69.596 55.626 69.596 0 P 0
L 55.372 69.85 55.626 70.104 0 P 0
L 55.372 70.358 55.372 70.612 0 P 0
L 55.372 70.358 55.626 70.104 0 P 0
L 55.372 70.612 55.626 70.612 0 P 0
L 55.372 72.898 55.372 73.152 0 P 0
L 55.372 72.898 55.626 72.898 0 P 0
L 55.372 73.152 55.626 73.406 0 P 0
L 55.372 73.66 55.372 73.914 0 P 0
L 55.372 73.66 55.626 73.406 0 P 0
L 55.372 73.914 55.626 73.914 0 P 0
L 55.372 75.946 55.372 76.2 0 P 0
L 55.372 75.946 55.626 75.946 0 P 0
L 55.372 76.2 55.626 76.454 0 P 0
L 55.372 76.708 55.372 76.962 0 P 0
L 55.372 76.708 55.626 76.454 0 P 0
L 55.372 76.962 55.626 76.962 0 P 0
L 55.372 78.74 55.372 78.994 0 P 0
L 55.372 78.74 55.626 78.74 0 P 0
L 55.372 78.994 55.626 79.248 0 P 0
L 55.372 79.502 55.372 79.756 0 P 0
L 55.372 79.502 55.626 79.248 0 P 0
L 55.372 79.756 55.626 79.756 0 P 0
L 55.372 81.534 55.372 81.788 0 P 0
L 55.372 81.534 55.626 81.534 0 P 0
L 55.372 81.788 55.626 82.042 0 P 0
L 55.372 82.296 55.372 82.55 0 P 0
L 55.372 82.296 55.626 82.042 0 P 0
L 55.372 82.55 55.626 82.55 0 P 0
L 55.372 96.012 55.372 96.266 0 P 0
L 55.372 96.012 55.626 96.012 0 P 0
L 55.372 96.266 55.626 96.52 0 P 0
L 55.372 96.774 55.372 97.028 0 P 0
L 55.372 96.774 55.626 96.52 0 P 0
L 55.372 97.028 55.626 97.028 0 P 0
L 55.372 101.092 55.372 101.346 0 P 0
L 55.372 101.854 55.372 102.108 0 P 0
L 55.372 123.698 55.626 123.698 0 P 0
L 55.372 124.206 55.626 123.952 0 P 0
L 55.372 124.206 55.626 124.46 0 P 0
L 55.372 124.714 55.626 124.714 0 P 0
L 55.626 69.596 55.88 69.85 0 P 0
L 55.626 70.612 55.88 70.358 0 P 0
L 55.626 72.898 55.88 73.152 0 P 0
L 55.626 73.914 55.88 73.66 0 P 0
L 55.626 75.946 55.88 76.2 0 P 0
L 55.626 76.962 55.88 76.708 0 P 0
L 55.626 78.74 55.88 78.994 0 P 0
L 55.626 79.756 55.88 79.502 0 P 0
L 55.626 81.534 55.88 81.788 0 P 0
L 55.626 82.55 55.88 82.296 0 P 0
L 55.626 96.012 55.88 96.266 0 P 0
L 55.626 97.028 55.88 96.774 0 P 0
L 55.626 123.698 55.626 123.952 0 P 0
L 55.626 124.46 55.626 124.714 0 P 0
L 55.88 69.85 56.134 69.596 0 P 0
L 55.88 70.358 56.134 70.612 0 P 0
L 55.88 73.152 56.134 72.898 0 P 0
L 55.88 73.66 56.134 73.914 0 P 0
L 55.88 76.2 56.134 75.946 0 P 0
L 55.88 76.708 56.134 76.962 0 P 0
L 55.88 78.994 56.134 78.74 0 P 0
L 55.88 79.502 56.134 79.756 0 P 0
L 55.88 81.788 56.134 81.534 0 P 0
L 55.88 82.296 56.134 82.55 0 P 0
L 55.88 96.266 56.134 96.012 0 P 0
L 55.88 96.774 56.134 97.028 0 P 0
L 56.134 69.596 56.388 69.596 0 P 0
L 56.134 70.104 56.388 69.85 0 P 0
L 56.134 70.104 56.388 70.358 0 P 0
L 56.134 70.612 56.388 70.612 0 P 0
L 56.134 72.898 56.388 72.898 0 P 0
L 56.134 73.406 56.388 73.152 0 P 0
L 56.134 73.406 56.388 73.66 0 P 0
L 56.134 73.914 56.388 73.914 0 P 0
L 56.134 75.946 56.388 75.946 0 P 0
L 56.134 76.454 56.388 76.2 0 P 0
L 56.134 76.454 56.388 76.708 0 P 0
L 56.134 76.962 56.388 76.962 0 P 0
L 56.134 78.74 56.388 78.74 0 P 0
L 56.134 79.248 56.388 78.994 0 P 0
L 56.134 79.248 56.388 79.502 0 P 0
L 56.134 79.756 56.388 79.756 0 P 0
L 56.134 81.534 56.388 81.534 0 P 0
L 56.134 82.042 56.388 81.788 0 P 0
L 56.134 82.042 56.388 82.296 0 P 0
L 56.134 82.55 56.388 82.55 0 P 0
L 56.134 96.012 56.388 96.012 0 P 0
L 56.134 96.52 56.388 96.266 0 P 0
L 56.134 96.52 56.388 96.774 0 P 0
L 56.134 97.028 56.388 97.028 0 P 0
L 56.388 69.596 56.388 69.85 0 P 0
L 56.388 70.358 56.388 70.612 0 P 0
L 56.388 72.898 56.388 73.152 0 P 0
L 56.388 73.66 56.388 73.914 0 P 0
L 56.388 75.946 56.388 76.2 0 P 0
L 56.388 76.708 56.388 76.962 0 P 0
L 56.388 78.74 56.388 78.994 0 P 0
L 56.388 79.502 56.388 79.756 0 P 0
L 56.388 81.534 56.388 81.788 0 P 0
L 56.388 82.296 56.388 82.55 0 P 0
L 56.388 96.012 56.388 96.266 0 P 0
L 56.388 96.774 56.388 97.028 0 P 0
L 56.388 104.14 56.388 104.394 0 P 0
L 56.388 104.14 56.642 104.14 0 P 0
L 56.388 104.394 56.642 104.648 0 P 0
L 56.388 104.902 56.388 105.156 0 P 0
L 56.388 104.902 56.642 104.648 0 P 0
L 56.388 105.156 56.642 105.156 0 P 0
L 56.388 105.918 56.388 106.172 0 P 0
L 56.388 105.918 56.642 105.918 0 P 0
L 56.388 106.172 56.642 106.426 0 P 0
L 56.388 106.68 56.388 106.934 0 P 0
L 56.388 106.68 56.642 106.426 0 P 0
L 56.388 106.934 56.642 106.934 0 P 0
L 56.642 104.14 56.896 104.394 0 P 0
L 56.642 105.156 56.896 104.902 0 P 0
L 56.642 105.918 56.896 106.172 0 P 0
L 56.642 106.934 56.896 106.68 0 P 0
L 56.896 104.394 57.15 104.14 0 P 0
L 56.896 104.902 57.15 105.156 0 P 0
L 56.896 106.172 57.15 105.918 0 P 0
L 56.896 106.68 57.15 106.934 0 P 0
L 57.15 104.14 57.404 104.14 0 P 0
L 57.15 104.648 57.404 104.394 0 P 0
L 57.15 104.648 57.404 104.902 0 P 0
L 57.15 105.156 57.404 105.156 0 P 0
L 57.15 105.918 57.404 105.918 0 P 0
L 57.15 106.426 57.404 106.172 0 P 0
L 57.15 106.426 57.404 106.68 0 P 0
L 57.15 106.934 57.404 106.934 0 P 0
L 57.15 123.698 57.15 123.952 0 P 0
L 57.15 123.698 57.404 123.698 0 P 0
L 57.15 123.952 57.404 124.206 0 P 0
L 57.15 124.46 57.15 124.714 0 P 0
L 57.15 124.46 57.404 124.206 0 P 0
L 57.15 124.714 57.404 124.714 0 P 0
L 57.404 104.14 57.404 104.394 0 P 0
L 57.404 104.902 57.404 105.156 0 P 0
L 57.404 105.918 57.404 106.172 0 P 0
L 57.404 106.68 57.404 106.934 0 P 0
L 57.404 123.698 57.658 123.952 0 P 0
L 57.404 124.714 57.658 124.46 0 P 0
L 57.658 75.946 57.658 76.2 0 P 0
L 57.658 75.946 57.912 75.946 0 P 0
L 57.658 76.2 57.912 76.454 0 P 0
L 57.658 76.708 57.658 76.962 0 P 0
L 57.658 76.708 57.912 76.454 0 P 0
L 57.658 76.962 57.912 76.962 0 P 0
L 57.658 78.74 57.658 78.994 0 P 0
L 57.658 78.74 57.912 78.74 0 P 0
L 57.658 78.994 57.912 79.248 0 P 0
L 57.658 79.502 57.658 79.756 0 P 0
L 57.658 79.502 57.912 79.248 0 P 0
L 57.658 79.756 57.912 79.756 0 P 0
L 57.658 81.534 57.658 81.788 0 P 0
L 57.658 81.534 57.912 81.534 0 P 0
L 57.658 81.788 57.912 82.042 0 P 0
L 57.658 82.296 57.658 82.55 0 P 0
L 57.658 82.296 57.912 82.042 0 P 0
L 57.658 82.55 57.912 82.55 0 P 0
L 57.658 123.952 57.912 123.698 0 P 0
L 57.658 124.46 57.912 124.714 0 P 0
L 57.912 75.946 58.166 76.2 0 P 0
L 57.912 76.962 58.166 76.708 0 P 0
L 57.912 78.74 58.166 78.994 0 P 0
L 57.912 79.756 58.166 79.502 0 P 0
L 57.912 81.534 58.166 81.788 0 P 0
L 57.912 82.55 58.166 82.296 0 P 0
L 57.912 123.698 58.166 123.698 0 P 0
L 57.912 124.206 58.166 123.952 0 P 0
L 57.912 124.206 58.166 124.46 0 P 0
L 57.912 124.714 58.166 124.714 0 P 0
L 58.01950804 100.65284416 58.01950804 100.90684416 0 P 0
L 58.01950804 100.65284416 58.27350804 100.65284416 0 P 0
L 58.01950804 100.90684416 58.27350804 101.16084416 0 P 0
L 58.01950804 101.41484416 58.01950804 101.66884416 0 P 0
L 58.01950804 101.41484416 58.27350804 101.16084416 0 P 0
L 58.01950804 101.66884416 58.27350804 101.66884416 0 P 0
L 58.166 76.2 58.42 75.946 0 P 0
L 58.166 76.708 58.42 76.962 0 P 0
L 58.166 78.994 58.42 78.74 0 P 0
L 58.166 79.502 58.42 79.756 0 P 0
L 58.166 81.788 58.42 81.534 0 P 0
L 58.166 82.296 58.42 82.55 0 P 0
L 58.166 123.698 58.166 123.952 0 P 0
L 58.166 124.46 58.166 124.714 0 P 0
L 58.27350804 100.65284416 58.52750804 100.90684416 0 P 0
L 58.27350804 101.66884416 58.52750804 101.41484416 0 P 0
L 58.42 75.946 58.674 75.946 0 P 0
L 58.42 76.454 58.674 76.2 0 P 0
L 58.42 76.454 58.674 76.708 0 P 0
L 58.42 76.962 58.674 76.962 0 P 0
L 58.42 78.74 58.674 78.74 0 P 0
L 58.42 79.248 58.674 78.994 0 P 0
L 58.42 79.248 58.674 79.502 0 P 0
L 58.42 79.756 58.674 79.756 0 P 0
L 58.42 81.534 58.674 81.534 0 P 0
L 58.42 82.042 58.674 81.788 0 P 0
L 58.42 82.042 58.674 82.296 0 P 0
L 58.42 82.55 58.674 82.55 0 P 0
L 58.42 105.918 58.42 106.172 0 P 0
L 58.42 105.918 58.674 105.918 0 P 0
L 58.42 106.172 58.674 106.426 0 P 0
L 58.42 106.68 58.42 106.934 0 P 0
L 58.42 106.68 58.674 106.426 0 P 0
L 58.42 106.934 58.674 106.934 0 P 0
L 58.52750804 100.90684416 58.78150804 100.65284416 0 P 0
L 58.52750804 101.41484416 58.78150804 101.66884416 0 P 0
L 58.674 75.946 58.674 76.2 0 P 0
L 58.674 76.708 58.674 76.962 0 P 0
L 58.674 78.74 58.674 78.994 0 P 0
L 58.674 79.502 58.674 79.756 0 P 0
L 58.674 81.534 58.674 81.788 0 P 0
L 58.674 82.296 58.674 82.55 0 P 0
L 58.674 105.918 58.928 106.172 0 P 0
L 58.674 106.934 58.928 106.68 0 P 0
L 58.78150804 100.65284416 59.03550804 100.65284416 0 P 0
L 58.78150804 101.16084416 59.03550804 100.90684416 0 P 0
L 58.78150804 101.16084416 59.03550804 101.41484416 0 P 0
L 58.78150804 101.66884416 59.03550804 101.66884416 0 P 0
L 58.928 106.172 59.182 105.918 0 P 0
L 58.928 106.68 59.182 106.934 0 P 0
L 59.03550804 100.65284416 59.03550804 100.90684416 0 P 0
L 59.03550804 101.41484416 59.03550804 101.66884416 0 P 0
L 59.182 87.884 59.182 88.9 0 P 0
L 59.182 87.884 60.198 87.884 0 P 0
L 59.182 88.9 60.198 88.9 0 P 0
L 59.182 89.662 59.182 90.678 0 P 0
L 59.182 89.662 60.198 89.662 0 P 0
L 59.182 90.678 60.198 90.678 0 P 0
L 59.182 94.234 59.69 93.726 0 P 0
L 59.182 94.234 59.69 94.742 0 P 0
L 59.182 105.918 59.436 105.918 0 P 0
L 59.182 106.426 59.436 106.172 0 P 0
L 59.182 106.426 59.436 106.68 0 P 0
L 59.182 106.934 59.436 106.934 0 P 0
L 59.436 105.918 59.436 106.172 0 P 0
L 59.436 106.68 59.436 106.934 0 P 0
L 59.563 99.06 59.563 99.314 0 P 0
L 59.563 99.06 59.817 99.06 0 P 0
L 59.563 99.314 59.817 99.568 0 P 0
L 59.563 99.822 59.563 100.076 0 P 0
L 59.563 99.822 59.817 99.568 0 P 0
L 59.563 100.076 59.817 100.076 0 P 0
L 59.69 93.726 60.198 94.234 0 P 0
L 59.69 94.742 60.198 94.234 0 P 0
L 59.817 99.06 60.071 99.314 0 P 0
L 59.817 100.076 60.071 99.822 0 P 0
L 59.944 78.74 59.944 78.994 0 P 0
L 59.944 78.74 60.198 78.74 0 P 0
L 59.944 78.994 60.198 79.248 0 P 0
L 59.944 79.502 59.944 79.756 0 P 0
L 59.944 79.502 60.198 79.248 0 P 0
L 59.944 79.756 60.198 79.756 0 P 0
L 59.944 81.534 59.944 81.788 0 P 0
L 59.944 81.534 60.198 81.534 0 P 0
L 59.944 81.788 60.198 82.042 0 P 0
L 59.944 82.296 59.944 82.55 0 P 0
L 59.944 82.296 60.198 82.042 0 P 0
L 59.944 82.55 60.198 82.55 0 P 0
L 60.071 99.314 60.325 99.06 0 P 0
L 60.071 99.822 60.325 100.076 0 P 0
L 60.198 78.74 60.452 78.994 0 P 0
L 60.198 79.756 60.452 79.502 0 P 0
L 60.198 81.534 60.452 81.788 0 P 0
L 60.198 82.55 60.452 82.296 0 P 0
L 60.198 87.884 60.198 88.9 0 P 0
L 60.198 89.662 60.198 90.678 0 P 0
L 60.198 120.777 60.706 120.269 0 P 0
L 60.198 120.777 60.706 121.285 0 P 0
L 60.325 99.06 60.579 99.06 0 P 0
L 60.325 99.568 60.579 99.314 0 P 0
L 60.325 99.568 60.579 99.822 0 P 0
L 60.325 100.076 60.579 100.076 0 P 0
L 60.452 78.994 60.706 78.74 0 P 0
L 60.452 79.502 60.706 79.756 0 P 0
L 60.452 81.788 60.706 81.534 0 P 0
L 60.452 82.296 60.706 82.55 0 P 0
L 60.579 99.06 60.579 99.314 0 P 0
L 60.579 99.822 60.579 100.076 0 P 0
L 60.579 100.076 60.579 100.33 0 P 0
L 60.579 100.076 60.833 100.076 0 P 0
L 60.579 100.33 60.833 100.584 0 P 0
L 60.579 100.838 60.579 101.092 0 P 0
L 60.579 100.838 60.833 100.584 0 P 0
L 60.579 101.092 60.833 101.092 0 P 0
L 60.706 78.74 60.96 78.74 0 P 0
L 60.706 79.248 60.96 78.994 0 P 0
L 60.706 79.248 60.96 79.502 0 P 0
L 60.706 79.756 60.96 79.756 0 P 0
L 60.706 81.534 60.96 81.534 0 P 0
L 60.706 82.042 60.96 81.788 0 P 0
L 60.706 82.042 60.96 82.296 0 P 0
L 60.706 82.55 60.96 82.55 0 P 0
L 60.706 120.269 61.214 120.777 0 P 0
L 60.706 121.285 61.214 120.777 0 P 0
L 60.833 100.076 61.087 100.33 0 P 0
L 60.833 101.092 61.087 100.838 0 P 0
L 60.96 66.548 60.96 66.802 0 P 0
L 60.96 66.548 61.214 66.548 0 P 0
L 60.96 66.802 61.214 67.056 0 P 0
L 60.96 67.31 60.96 67.564 0 P 0
L 60.96 67.31 61.214 67.056 0 P 0
L 60.96 67.564 61.214 67.564 0 P 0
L 60.96 68.58 60.96 68.834 0 P 0
L 60.96 68.58 61.214 68.58 0 P 0
L 60.96 68.834 61.214 69.088 0 P 0
L 60.96 69.342 60.96 69.596 0 P 0
L 60.96 69.342 61.214 69.088 0 P 0
L 60.96 69.596 61.214 69.596 0 P 0
L 60.96 70.612 60.96 70.866 0 P 0
L 60.96 70.612 61.214 70.612 0 P 0
L 60.96 70.866 61.214 71.12 0 P 0
L 60.96 71.374 60.96 71.628 0 P 0
L 60.96 71.374 61.214 71.12 0 P 0
L 60.96 71.628 61.214 71.628 0 P 0
L 60.96 72.644 60.96 72.898 0 P 0
L 60.96 72.644 61.214 72.644 0 P 0
L 60.96 72.898 61.214 73.152 0 P 0
L 60.96 73.406 60.96 73.66 0 P 0
L 60.96 73.406 61.214 73.152 0 P 0
L 60.96 73.66 61.214 73.66 0 P 0
L 60.96 78.74 60.96 78.994 0 P 0
L 60.96 79.502 60.96 79.756 0 P 0
L 60.96 81.534 60.96 81.788 0 P 0
L 60.96 82.296 60.96 82.55 0 P 0
L 61.087 100.33 61.341 100.076 0 P 0
L 61.087 100.838 61.341 101.092 0 P 0
L 61.214 66.548 61.468 66.802 0 P 0
L 61.214 67.564 61.468 67.31 0 P 0
L 61.214 68.58 61.468 68.834 0 P 0
L 61.214 69.596 61.468 69.342 0 P 0
L 61.214 70.612 61.468 70.866 0 P 0
L 61.214 71.628 61.468 71.374 0 P 0
L 61.214 72.644 61.468 72.898 0 P 0
L 61.214 73.66 61.468 73.406 0 P 0
L 61.341 100.076 61.595 100.076 0 P 0
L 61.341 100.584 61.595 100.33 0 P 0
L 61.341 100.584 61.595 100.838 0 P 0
L 61.341 101.092 61.595 101.092 0 P 0
L 61.468 66.802 61.722 66.548 0 P 0
L 61.468 67.31 61.722 67.564 0 P 0
L 61.468 68.834 61.722 68.58 0 P 0
L 61.468 69.342 61.722 69.596 0 P 0
L 61.468 70.866 61.722 70.612 0 P 0
L 61.468 71.374 61.722 71.628 0 P 0
L 61.468 72.898 61.722 72.644 0 P 0
L 61.468 73.406 61.722 73.66 0 P 0
L 61.595 100.076 61.595 100.33 0 P 0
L 61.595 100.838 61.595 101.092 0 P 0
L 61.722 66.548 61.976 66.548 0 P 0
L 61.722 67.056 61.976 66.802 0 P 0
L 61.722 67.056 61.976 67.31 0 P 0
L 61.722 67.564 61.976 67.564 0 P 0
L 61.722 68.58 61.976 68.58 0 P 0
L 61.722 69.088 61.976 68.834 0 P 0
L 61.722 69.088 61.976 69.342 0 P 0
L 61.722 69.596 61.976 69.596 0 P 0
L 61.722 70.612 61.976 70.612 0 P 0
L 61.722 71.12 61.976 70.866 0 P 0
L 61.722 71.12 61.976 71.374 0 P 0
L 61.722 71.628 61.976 71.628 0 P 0
L 61.722 72.644 61.976 72.644 0 P 0
L 61.722 73.152 61.976 72.898 0 P 0
L 61.722 73.152 61.976 73.406 0 P 0
L 61.722 73.66 61.976 73.66 0 P 0
L 61.976 66.548 61.976 66.802 0 P 0
L 61.976 67.31 61.976 67.564 0 P 0
L 61.976 68.58 61.976 68.834 0 P 0
L 61.976 69.342 61.976 69.596 0 P 0
L 61.976 70.612 61.976 70.866 0 P 0
L 61.976 71.374 61.976 71.628 0 P 0
L 61.976 72.644 61.976 72.898 0 P 0
L 61.976 73.406 61.976 73.66 0 P 0
L 62.484 124.968 62.992 124.46 0 P 0
L 62.484 124.968 62.992 125.476 0 P 0
L 62.992 124.46 63.5 124.968 0 P 0
L 62.992 125.476 63.5 124.968 0 P 0
L 64.135 81.28 64.389 81.788 0 P 0
L 64.135 81.28 64.643 81.534 0 P 0
L 64.135 82.296 64.389 81.788 0 P 0
L 64.135 82.296 64.643 82.042 0 P 0
L 64.135 87.376 64.389 87.884 0 P 0
L 64.135 87.376 64.643 87.63 0 P 0
L 64.135 88.392 64.389 87.884 0 P 0
L 64.135 88.392 64.643 88.138 0 P 0
L 64.643 81.534 65.151 81.28 0 P 0
L 64.643 82.042 65.151 82.296 0 P 0
L 64.643 87.63 65.151 87.376 0 P 0
L 64.643 88.138 65.151 88.392 0 P 0
L 64.897 81.788 65.151 81.28 0 P 0
L 64.897 81.788 65.151 82.296 0 P 0
L 64.897 87.884 65.151 87.376 0 P 0
L 64.897 87.884 65.151 88.392 0 P 0
L 64.897 120.777 65.405 120.269 0 P 0
L 64.897 120.777 65.405 121.285 0 P 0
L 65.405 120.269 65.913 120.777 0 P 0
L 65.405 121.285 65.913 120.777 0 P 0
L 66.548 76.2 66.548 77.216 0 P 0
L 66.548 76.2 67.564 76.2 0 P 0
L 66.548 77.216 67.564 77.216 0 P 0
L 66.7512 76.4032 66.7512 77.0128 0 P 0
L 66.7512 76.4032 67.3608 76.4032 0 P 0
L 66.7512 77.0128 67.3608 77.0128 0 P 0
L 67.056 69.596 67.056 70.612 0 P 0
L 67.056 69.596 68.072 69.596 0 P 0
L 67.056 70.612 68.072 70.612 0 P 0
L 67.056 71.374 67.056 72.39 0 P 0
L 67.056 71.374 68.072 71.374 0 P 0
L 67.056 72.39 68.072 72.39 0 P 0
L 67.31 76.962 67.31 77.978 0 P 0
L 67.31 76.962 68.326 76.962 0 P 0
L 67.31 77.978 68.326 77.978 0 P 0
L 67.3608 76.4032 67.3608 77.0128 0 P 0
L 67.5132 77.1652 67.5132 77.7748 0 P 0
L 67.5132 77.1652 68.1228 77.1652 0 P 0
L 67.5132 77.7748 68.1228 77.7748 0 P 0
L 67.564 76.2 67.564 77.216 0 P 0
L 67.691 70.485 67.691 71.501 0 P 0
L 67.691 70.485 68.707 70.485 0 P 0
L 67.691 71.501 68.707 71.501 0 P 0
L 67.7369994 75.32674292 67.7369994 76.34274292 0 P 0
L 67.7369994 75.32674292 68.7529994 75.32674292 0 P 0
L 67.7369994 76.34274292 68.7529994 76.34274292 0 P 0
L 67.9401994 75.52994292 67.9401994 76.13954292 0 P 0
L 67.9401994 75.52994292 68.5497994 75.52994292 0 P 0
L 67.9401994 76.13954292 68.5497994 76.13954292 0 P 0
L 67.945 99.441 67.945 100.457 0 P 0
L 67.945 99.441 68.961 99.441 0 P 0
L 67.945 100.457 68.961 100.457 0 P 0
L 68.072 63.881 68.072 64.135 0 P 0
L 68.072 63.881 68.326 63.881 0 P 0
L 68.072 64.135 68.326 64.389 0 P 0
L 68.072 64.643 68.072 64.897 0 P 0
L 68.072 64.643 68.326 64.389 0 P 0
L 68.072 64.897 68.326 64.897 0 P 0
L 68.072 65.9589994 68.072 66.2129994 0 P 0
L 68.072 65.9589994 68.326 65.9589994 0 P 0
L 68.072 66.2129994 68.326 66.4669994 0 P 0
L 68.072 66.7209994 68.072 66.9749994 0 P 0
L 68.072 66.7209994 68.326 66.4669994 0 P 0
L 68.072 66.9749994 68.326 66.9749994 0 P 0
L 68.072 69.596 68.072 70.612 0 P 0
L 68.072 71.374 68.072 72.39 0 P 0
L 68.072 77.724 68.072 78.74 0 P 0
L 68.072 77.724 69.088 77.724 0 P 0
L 68.072 78.74 69.088 78.74 0 P 0
L 68.072 92.456 68.58 91.948 0 P 0
L 68.072 92.456 68.58 92.964 0 P 0
L 68.1228 77.1652 68.1228 77.7748 0 P 0
L 68.2752 77.9272 68.2752 78.5368 0 P 0
L 68.2752 77.9272 68.8848 77.9272 0 P 0
L 68.2752 78.5368 68.8848 78.5368 0 P 0
L 68.326 63.881 68.58 64.135 0 P 0
L 68.326 64.897 68.58 64.643 0 P 0
L 68.326 65.9589994 68.58 66.2129994 0 P 0
L 68.326 66.9749994 68.58 66.7209994 0 P 0
L 68.326 76.962 68.326 77.978 0 P 0
L 68.453 69.596 68.453 70.612 0 P 0
L 68.453 69.596 69.469 69.596 0 P 0
L 68.453 70.612 69.469 70.612 0 P 0
L 68.453 71.374 68.453 72.39 0 P 0
L 68.453 71.374 69.469 71.374 0 P 0
L 68.453 72.39 69.469 72.39 0 P 0
L 68.5497994 75.52994292 68.5497994 76.13954292 0 P 0
L 68.58 64.135 68.834 63.881 0 P 0
L 68.58 64.643 68.834 64.897 0 P 0
L 68.58 66.2129994 68.834 65.9589994 0 P 0
L 68.58 66.7209994 68.834 66.9749994 0 P 0
L 68.58 91.948 69.088 92.456 0 P 0
L 68.58 92.964 69.088 92.456 0 P 0
L 68.58 105.918 68.58 106.934 0 P 0
L 68.58 105.918 69.596 105.918 0 P 0
L 68.58 106.934 69.596 106.934 0 P 0
L 68.707 70.485 68.707 71.501 0 P 0
L 68.7529994 75.32674292 68.7529994 76.34274292 0 P 0
L 68.834 63.881 69.088 63.881 0 P 0
L 68.834 64.389 69.088 64.135 0 P 0
L 68.834 64.389 69.088 64.643 0 P 0
L 68.834 64.897 69.088 64.897 0 P 0
L 68.834 65.9589994 69.088 65.9589994 0 P 0
L 68.834 66.4669994 69.088 66.2129994 0 P 0
L 68.834 66.4669994 69.088 66.7209994 0 P 0
L 68.834 66.9749994 69.088 66.9749994 0 P 0
L 68.8848 77.9272 68.8848 78.5368 0 P 0
L 68.961 99.441 68.961 100.457 0 P 0
L 69.088 63.881 69.088 64.135 0 P 0
L 69.088 64.643 69.088 64.897 0 P 0
L 69.088 65.9589994 69.088 66.2129994 0 P 0
L 69.088 66.7209994 69.088 66.9749994 0 P 0
L 69.088 70.485 69.088 71.501 0 P 0
L 69.088 70.485 70.104 70.485 0 P 0
L 69.088 71.501 70.104 71.501 0 P 0
L 69.088 77.724 69.088 78.74 0 P 0
L 69.215 81.28 69.469 81.788 0 P 0
L 69.215 81.28 69.723 81.534 0 P 0
L 69.215 82.296 69.469 81.788 0 P 0
L 69.215 82.296 69.723 82.042 0 P 0
L 69.215 87.376 69.469 87.884 0 P 0
L 69.215 87.376 69.723 87.63 0 P 0
L 69.215 88.392 69.469 87.884 0 P 0
L 69.215 88.392 69.723 88.138 0 P 0
L 69.469 69.596 69.469 70.612 0 P 0
L 69.469 71.374 69.469 72.39 0 P 0
L 69.596 105.918 69.596 106.934 0 P 0
L 69.723 69.596 69.723 70.612 0 P 0
L 69.723 69.596 70.739 69.596 0 P 0
L 69.723 70.612 70.739 70.612 0 P 0
L 69.723 71.374 69.723 72.39 0 P 0
L 69.723 71.374 70.739 71.374 0 P 0
L 69.723 72.39 70.739 72.39 0 P 0
L 69.723 81.534 70.231 81.28 0 P 0
L 69.723 82.042 70.231 82.296 0 P 0
L 69.723 87.63 70.231 87.376 0 P 0
L 69.723 88.138 70.231 88.392 0 P 0
L 69.977 81.788 70.231 81.28 0 P 0
L 69.977 81.788 70.231 82.296 0 P 0
L 69.977 87.884 70.231 87.376 0 P 0
L 69.977 87.884 70.231 88.392 0 P 0
L 70.104 70.485 70.104 71.501 0 P 0
L 70.42349136 103.50981584 70.93149136 103.00181584 0 P 0
L 70.42349136 103.50981584 70.93149136 104.01781584 0 P 0
L 70.739 69.596 70.739 70.612 0 P 0
L 70.739 71.374 70.739 72.39 0 P 0
L 70.93149136 103.00181584 71.43949136 103.50981584 0 P 0
L 70.93149136 104.01781584 71.43949136 103.50981584 0 P 0
L 72.644 119.634 73.152 119.126 0 P 0
L 72.644 119.634 73.152 120.142 0 P 0
L 73.152 70.993 73.152 71.247 0 P 0
L 73.152 70.993 73.406 70.993 0 P 0
L 73.152 71.247 73.406 71.501 0 P 0
L 73.152 71.755 73.152 72.009 0 P 0
L 73.152 71.755 73.406 71.501 0 P 0
L 73.152 72.009 73.406 72.009 0 P 0
L 73.152 75.438 73.152 75.692 0 P 0
L 73.152 75.438 73.406 75.438 0 P 0
L 73.152 75.692 73.406 75.946 0 P 0
L 73.152 76.2 73.152 76.454 0 P 0
L 73.152 76.2 73.406 75.946 0 P 0
L 73.152 76.454 73.406 76.454 0 P 0
L 73.152 119.126 73.66 119.634 0 P 0
L 73.152 120.142 73.66 119.634 0 P 0
L 73.406 70.993 73.66 71.247 0 P 0
L 73.406 72.009 73.66 71.755 0 P 0
L 73.406 75.438 73.66 75.692 0 P 0
L 73.406 76.454 73.66 76.2 0 P 0
L 73.406 95.25 73.914 94.742 0 P 0
L 73.406 95.25 73.914 95.758 0 P 0
L 73.66 71.247 73.914 70.993 0 P 0
L 73.66 71.755 73.914 72.009 0 P 0
L 73.66 75.692 73.914 75.438 0 P 0
L 73.66 76.2 73.914 76.454 0 P 0
L 73.914 70.993 74.168 70.993 0 P 0
L 73.914 71.501 74.168 71.247 0 P 0
L 73.914 71.501 74.168 71.755 0 P 0
L 73.914 72.009 74.168 72.009 0 P 0
L 73.914 75.438 74.168 75.438 0 P 0
L 73.914 75.946 74.168 75.692 0 P 0
L 73.914 75.946 74.168 76.2 0 P 0
L 73.914 76.454 74.168 76.454 0 P 0
L 73.914 94.742 74.422 95.25 0 P 0
L 73.914 95.758 74.422 95.25 0 P 0
L 74.168 70.993 74.168 71.247 0 P 0
L 74.168 71.755 74.168 72.009 0 P 0
L 74.168 75.438 74.168 75.692 0 P 0
L 74.168 76.2 74.168 76.454 0 P 0
L 74.295 81.28 74.549 81.788 0 P 0
L 74.295 81.28 74.803 81.534 0 P 0
L 74.295 82.296 74.549 81.788 0 P 0
L 74.295 82.296 74.803 82.042 0 P 0
L 74.295 87.376 74.549 87.884 0 P 0
L 74.295 87.376 74.803 87.63 0 P 0
L 74.295 88.392 74.549 87.884 0 P 0
L 74.295 88.392 74.803 88.138 0 P 0
L 74.803 81.534 75.311 81.28 0 P 0
L 74.803 82.042 75.311 82.296 0 P 0
L 74.803 87.63 75.311 87.376 0 P 0
L 74.803 88.138 75.311 88.392 0 P 0
L 75.057 81.788 75.311 81.28 0 P 0
L 75.057 81.788 75.311 82.296 0 P 0
L 75.057 87.884 75.311 87.376 0 P 0
L 75.057 87.884 75.311 88.392 0 P 0
L 75.438 105.918 75.438 106.934 0 P 0
L 75.438 105.918 76.454 105.918 0 P 0
L 75.438 106.934 76.454 106.934 0 P 0
L 75.438 112.268 75.438 113.284 0 P 0
L 75.438 112.268 76.454 112.268 0 P 0
L 75.438 113.284 76.454 113.284 0 P 0
L 75.692 98.298 75.692 98.552 0 P 0
L 75.692 98.298 75.946 98.298 0 P 0
L 75.692 98.552 75.946 98.806 0 P 0
L 75.692 99.06 75.692 99.314 0 P 0
L 75.692 99.06 75.946 98.806 0 P 0
L 75.692 99.314 75.946 99.314 0 P 0
L 75.692 104.394 75.692 104.648 0 P 0
L 75.692 104.394 75.946 104.394 0 P 0
L 75.692 104.648 75.946 104.902 0 P 0
L 75.692 105.156 75.692 105.41 0 P 0
L 75.692 105.156 75.946 104.902 0 P 0
L 75.692 105.41 75.946 105.41 0 P 0
L 75.946 98.298 76.2 98.552 0 P 0
L 75.946 99.314 76.2 99.06 0 P 0
L 75.946 104.394 76.2 104.648 0 P 0
L 75.946 105.41 76.2 105.156 0 P 0
L 76.2 75.438 76.2 75.692 0 P 0
L 76.2 75.438 76.454 75.438 0 P 0
L 76.2 75.692 76.454 75.946 0 P 0
L 76.2 76.2 76.2 76.454 0 P 0
L 76.2 76.2 76.454 75.946 0 P 0
L 76.2 76.454 76.454 76.454 0 P 0
L 76.2 98.552 76.454 98.298 0 P 0
L 76.2 99.06 76.454 99.314 0 P 0
L 76.2 104.648 76.454 104.394 0 P 0
L 76.2 105.156 76.454 105.41 0 P 0
L 76.454 75.438 76.708 75.692 0 P 0
L 76.454 76.454 76.708 76.2 0 P 0
L 76.454 79.502 76.454 79.756 0 P 0
L 76.454 79.502 76.708 79.502 0 P 0
L 76.454 79.756 76.708 80.01 0 P 0
L 76.454 80.264 76.454 80.518 0 P 0
L 76.454 80.264 76.708 80.01 0 P 0
L 76.454 80.518 76.708 80.518 0 P 0
L 76.454 98.298 76.708 98.298 0 P 0
L 76.454 98.806 76.708 98.552 0 P 0
L 76.454 98.806 76.708 99.06 0 P 0
L 76.454 99.314 76.708 99.314 0 P 0
L 76.454 104.394 76.708 104.394 0 P 0
L 76.454 104.902 76.708 104.648 0 P 0
L 76.454 104.902 76.708 105.156 0 P 0
L 76.454 105.41 76.708 105.41 0 P 0
L 76.454 105.918 76.454 106.934 0 P 0
L 76.454 112.268 76.454 113.284 0 P 0
L 76.708 75.692 76.962 75.438 0 P 0
L 76.708 76.2 76.962 76.454 0 P 0
L 76.708 79.502 76.962 79.756 0 P 0
L 76.708 80.518 76.962 80.264 0 P 0
L 76.708 91.821 77.216 91.313 0 P 0
L 76.708 91.821 77.216 92.329 0 P 0
L 76.708 98.298 76.708 98.552 0 P 0
L 76.708 99.06 76.708 99.314 0 P 0
L 76.708 104.394 76.708 104.648 0 P 0
L 76.708 105.156 76.708 105.41 0 P 0
L 76.962 75.438 77.216 75.438 0 P 0
L 76.962 75.946 77.216 75.692 0 P 0
L 76.962 75.946 77.216 76.2 0 P 0
L 76.962 76.454 77.216 76.454 0 P 0
L 76.962 79.756 77.216 79.502 0 P 0
L 76.962 80.264 77.216 80.518 0 P 0
L 77.216 75.438 77.216 75.692 0 P 0
L 77.216 76.2 77.216 76.454 0 P 0
L 77.216 79.502 77.47 79.502 0 P 0
L 77.216 80.01 77.47 79.756 0 P 0
L 77.216 80.01 77.47 80.264 0 P 0
L 77.216 80.518 77.47 80.518 0 P 0
L 77.216 91.313 77.724 91.821 0 P 0
L 77.216 92.329 77.724 91.821 0 P 0
L 77.47 79.502 77.47 79.756 0 P 0
L 77.47 80.264 77.47 80.518 0 P 0
L 78.232 114.046 78.232 115.062 0 P 0
L 78.232 114.046 79.248 114.046 0 P 0
L 78.232 114.808 78.232 115.824 0 P 0
L 78.232 114.808 79.248 114.808 0 P 0
L 78.232 115.062 79.248 115.062 0 P 0
L 78.232 115.57 78.232 116.586 0 P 0
L 78.232 115.57 79.248 115.57 0 P 0
L 78.232 115.824 79.248 115.824 0 P 0
L 78.232 116.332 78.232 117.348 0 P 0
L 78.232 116.332 79.248 116.332 0 P 0
L 78.232 116.586 79.248 116.586 0 P 0
L 78.232 117.094 78.232 118.11 0 P 0
L 78.232 117.094 79.248 117.094 0 P 0
L 78.232 117.348 79.248 117.348 0 P 0
L 78.232 118.11 79.248 118.11 0 P 0
L 78.4352 114.2492 78.4352 114.8588 0 P 0
L 78.4352 114.2492 79.0448 114.2492 0 P 0
L 78.4352 114.8588 79.0448 114.8588 0 P 0
L 78.4352 115.0112 78.4352 115.6208 0 P 0
L 78.4352 115.0112 79.0448 115.0112 0 P 0
L 78.4352 115.6208 79.0448 115.6208 0 P 0
L 78.4352 115.7732 78.4352 116.3828 0 P 0
L 78.4352 115.7732 79.0448 115.7732 0 P 0
L 78.4352 116.3828 79.0448 116.3828 0 P 0
L 78.4352 116.5352 78.4352 117.1448 0 P 0
L 78.4352 116.5352 79.0448 116.5352 0 P 0
L 78.4352 117.1448 79.0448 117.1448 0 P 0
L 78.4352 117.2972 78.4352 117.9068 0 P 0
L 78.4352 117.2972 79.0448 117.2972 0 P 0
L 78.4352 117.9068 79.0448 117.9068 0 P 0
L 79.0448 114.2492 79.0448 114.8588 0 P 0
L 79.0448 115.0112 79.0448 115.6208 0 P 0
L 79.0448 115.7732 79.0448 116.3828 0 P 0
L 79.0448 116.5352 79.0448 117.1448 0 P 0
L 79.0448 117.2972 79.0448 117.9068 0 P 0
L 79.248 114.046 79.248 115.062 0 P 0
L 79.248 114.808 79.248 115.824 0 P 0
L 79.248 115.57 79.248 116.586 0 P 0
L 79.248 116.332 79.248 117.348 0 P 0
L 79.248 117.094 79.248 118.11 0 P 0
L 79.375 81.28 79.629 81.788 0 P 0
L 79.375 81.28 79.883 81.534 0 P 0
L 79.375 82.296 79.629 81.788 0 P 0
L 79.375 82.296 79.883 82.042 0 P 0
L 79.375 87.376 79.629 87.884 0 P 0
L 79.375 87.376 79.883 87.63 0 P 0
L 79.375 88.392 79.629 87.884 0 P 0
L 79.375 88.392 79.883 88.138 0 P 0
L 79.756 101.727 80.264 101.219 0 P 0
L 79.756 101.727 80.264 102.235 0 P 0
L 79.883 81.534 80.391 81.28 0 P 0
L 79.883 82.042 80.391 82.296 0 P 0
L 79.883 87.63 80.391 87.376 0 P 0
L 79.883 88.138 80.391 88.392 0 P 0
L 80.137 81.788 80.391 81.28 0 P 0
L 80.137 81.788 80.391 82.296 0 P 0
L 80.137 87.884 80.391 87.376 0 P 0
L 80.137 87.884 80.391 88.392 0 P 0
L 80.264 101.219 80.772 101.727 0 P 0
L 80.264 102.235 80.772 101.727 0 P 0
L 83.07411376 98.9297996 83.58211376 97.9137996 0 P 0
L 83.07411376 98.9297996 84.09011376 98.9297996 0 P 0
L 83.07411376 101.4697996 83.58211376 100.4537996 0 P 0
L 83.07411376 101.4697996 84.09011376 101.4697996 0 P 0
L 83.07411376 104.0097996 83.58211376 102.9937996 0 P 0
L 83.07411376 104.0097996 84.09011376 104.0097996 0 P 0
L 83.58211376 97.9137996 84.09011376 98.9297996 0 P 0
L 83.58211376 100.4537996 84.09011376 101.4697996 0 P 0
L 83.58211376 102.9937996 84.09011376 104.0097996 0 P 0
L 83.693 108.839 84.201 108.331 0 P 0
L 83.693 108.839 84.201 109.347 0 P 0
L 84.201 108.331 84.709 108.839 0 P 0
L 84.201 109.347 84.709 108.839 0 P 0
L 88.011 91.694 88.011 91.948 0 P 0
L 88.011 91.694 88.265 91.694 0 P 0
L 88.011 91.948 88.265 92.202 0 P 0
L 88.011 92.456 88.011 92.71 0 P 0
L 88.011 92.456 88.265 92.202 0 P 0
L 88.011 92.71 88.265 92.71 0 P 0
L 88.265 91.694 88.519 91.948 0 P 0
L 88.265 92.71 88.519 92.456 0 P 0
L 88.519 91.948 88.773 91.694 0 P 0
L 88.519 92.456 88.773 92.71 0 P 0
L 88.773 91.694 89.027 91.694 0 P 0
L 88.773 92.202 89.027 91.948 0 P 0
L 88.773 92.202 89.027 92.456 0 P 0
L 88.773 92.71 89.027 92.71 0 P 0
L 89.027 91.694 89.027 91.948 0 P 0
L 89.027 92.456 89.027 92.71 0 P 0
