UNITS=MM
#Layer_Color=9474304
#
#Feature symbol names
#
$0 r127

#
#Feature attribute names
#

#
#Layer features
#
L 24.66700172 73.914 25.11699828 73.914 0 P 0
L 24.66700172 78.994 25.11699828 78.994 0 P 0
L 24.892 73.68900172 24.892 74.13899828 0 P 0
L 24.892 78.76900172 24.892 79.21899828 0 P 0
L 26.0604 111.76 26.7716 111.76 0 P 0
L 26.416 111.4044 26.416 112.1156 0 P 0
L 27.17600102 67.818 28.19599898 67.818 0 P 0
L 27.17600102 70.358 28.19599898 70.358 0 P 0
L 27.17600102 72.898 28.19599898 72.898 0 P 0
L 27.17600102 75.438 28.19599898 75.438 0 P 0
L 27.17600102 80.137 28.19599898 80.137 0 P 0
L 27.17600102 82.677 28.19599898 82.677 0 P 0
L 27.17600102 85.217 28.19599898 85.217 0 P 0
L 27.17600102 87.757 28.19599898 87.757 0 P 0
L 27.17600102 90.297 28.19599898 90.297 0 P 0
L 27.17600102 92.837 28.19599898 92.837 0 P 0
L 27.17600102 95.377 28.19599898 95.377 0 P 0
L 27.17600102 97.917 28.19599898 97.917 0 P 0
L 27.17600102 100.457 28.19599898 100.457 0 P 0
L 27.17600102 102.997 28.19599898 102.997 0 P 0
L 27.5844 109.22 28.2956 109.22 0 P 0
L 27.686 67.30800102 27.686 68.32799898 0 P 0
L 27.686 69.84800102 27.686 70.86799898 0 P 0
L 27.686 72.38800102 27.686 73.40799898 0 P 0
L 27.686 74.92800102 27.686 75.94799898 0 P 0
L 27.686 79.62700102 27.686 80.64699898 0 P 0
L 27.686 82.16700102 27.686 83.18699898 0 P 0
L 27.686 84.70700102 27.686 85.72699898 0 P 0
L 27.686 87.24700102 27.686 88.26699898 0 P 0
L 27.686 89.78700102 27.686 90.80699898 0 P 0
L 27.686 92.32700102 27.686 93.34699898 0 P 0
L 27.686 94.86700102 27.686 95.88699898 0 P 0
L 27.686 97.40700102 27.686 98.42699898 0 P 0
L 27.686 99.94700102 27.686 100.96699898 0 P 0
L 27.686 102.48700102 27.686 103.50699898 0 P 0
L 27.94 108.8644 27.94 109.5756 0 P 0
L 30.00100172 69.088 30.45099828 69.088 0 P 0
L 30.00100172 74.422 30.45099828 74.422 0 P 0
L 30.00100172 124.46 30.45099828 124.46 0 P 0
L 30.226 68.86300172 30.226 69.31299828 0 P 0
L 30.226 74.19700172 30.226 74.64699828 0 P 0
L 30.226 124.23500172 30.226 124.68499828 0 P 0
L 32.03300172 68.326 32.48299828 68.326 0 P 0
L 32.03300172 70.612 32.48299828 70.612 0 P 0
L 32.03300172 72.644 32.48299828 72.644 0 P 0
L 32.03300172 74.676 32.48299828 74.676 0 P 0
L 32.03300172 76.962 32.48299828 76.962 0 P 0
L 32.258 68.10100172 32.258 68.55099828 0 P 0
L 32.258 70.38700172 32.258 70.83699828 0 P 0
L 32.258 72.41900172 32.258 72.86899828 0 P 0
L 32.258 74.45100172 32.258 74.90099828 0 P 0
L 32.258 76.73700172 32.258 77.18699828 0 P 0
L 33.6804 92.456 34.3916 92.456 0 P 0
L 33.81100172 96.774 34.26099828 96.774 0 P 0
L 33.81100172 99.06 34.26099828 99.06 0 P 0
L 34.036 92.1004 34.036 92.8116 0 P 0
L 34.036 96.54900172 34.036 96.99899828 0 P 0
L 34.036 98.83500172 34.036 99.28499828 0 P 0
L 34.9209995 69.59600254 35.6910005 69.59600254 0 P 0
L 34.9209995 75.64966836 35.6910005 75.64966836 0 P 0
L 34.9209995 81.70333418 35.6910005 81.70333418 0 P 0
L 34.9209995 87.757 35.6910005 87.757 0 P 0
L 35.306 69.21100204 35.306 69.98100304 0 P 0
L 35.306 75.26466786 35.306 76.03466886 0 P 0
L 35.306 81.31833368 35.306 82.08833468 0 P 0
L 35.306 87.3719995 35.306 88.1420005 0 P 0
L 36.9824 102.616 37.6936 102.616 0 P 0
L 37.338 102.2604 37.338 102.9716 0 P 0
L 40.0009995 69.59600254 40.7710005 69.59600254 0 P 0
L 40.0009995 75.64966836 40.7710005 75.64966836 0 P 0
L 40.0009995 81.70333418 40.7710005 81.70333418 0 P 0
L 40.0009995 87.757 40.7710005 87.757 0 P 0
L 40.1574 119.888 40.8686 119.888 0 P 0
L 40.386 69.21100204 40.386 69.98100304 0 P 0
L 40.386 75.26466786 40.386 76.03466886 0 P 0
L 40.386 81.31833368 40.386 82.08833468 0 P 0
L 40.386 87.3719995 40.386 88.1420005 0 P 0
L 40.513 119.5324 40.513 120.2436 0 P 0
L 41.0464 117.983 41.7576 117.983 0 P 0
L 41.402 117.6274 41.402 118.3386 0 P 0
L 42.64778872 99.20881352 43.35898872 99.20881352 0 P 0
L 42.6974 94.234 43.4086 94.234 0 P 0
L 43.00338872 98.85321352 43.00338872 99.56441352 0 P 0
L 43.053 93.8784 43.053 94.5896 0 P 0
L 43.71700172 100.838 44.16699828 100.838 0 P 0
L 43.8404 123.952 44.5516 123.952 0 P 0
L 43.942 100.61300172 43.942 101.06299828 0 P 0
L 44.196 123.5964 44.196 124.3076 0 P 0
L 45.0809995 69.59600254 45.8510005 69.59600254 0 P 0
L 45.0809995 75.64966836 45.8510005 75.64966836 0 P 0
L 45.0809995 81.70333418 45.8510005 81.70333418 0 P 0
L 45.0809995 87.757 45.8510005 87.757 0 P 0
L 45.1104 71.374 45.8216 71.374 0 P 0
L 45.1104 73.914 45.8216 73.914 0 P 0
L 45.24100172 100.838 45.69099828 100.838 0 P 0
L 45.466 69.21100204 45.466 69.98100304 0 P 0
L 45.466 71.0184 45.466 71.7296 0 P 0
L 45.466 73.5584 45.466 74.2696 0 P 0
L 45.466 75.26466786 45.466 76.03466886 0 P 0
L 45.466 81.31833368 45.466 82.08833468 0 P 0
L 45.466 87.3719995 45.466 88.1420005 0 P 0
L 45.466 100.61300172 45.466 101.06299828 0 P 0
L 47.19600162 116.459 47.54599838 116.459 0 P 0
L 47.19600162 117.221 47.54599838 117.221 0 P 0
L 47.27300172 104.648 47.72299828 104.648 0 P 0
L 47.27300172 106.426 47.72299828 106.426 0 P 0
L 47.27300172 108.204 47.72299828 108.204 0 P 0
L 47.371 116.28400162 47.371 116.63399838 0 P 0
L 47.371 117.04600162 47.371 117.39599838 0 P 0
L 47.498 104.42300172 47.498 104.87299828 0 P 0
L 47.498 106.20100172 47.498 106.65099828 0 P 0
L 47.498 107.97900172 47.498 108.42899828 0 P 0
L 47.95800162 117.221 48.30799838 117.221 0 P 0
L 47.96284794 116.47182192 48.3128447 116.47182192 0 P 0
L 48.133 117.04600162 48.133 117.39599838 0 P 0
L 48.13784632 116.29682354 48.13784632 116.6468203 0 P 0
L 48.54300172 100.838 48.99299828 100.838 0 P 0
L 48.768 100.61300172 48.768 101.06299828 0 P 0
L 49.0474 123.571 49.7586 123.571 0 P 0
L 49.403 123.2154 49.403 123.9266 0 P 0
L 49.55900172 104.648 50.00899828 104.648 0 P 0
L 49.55900172 106.426 50.00899828 106.426 0 P 0
L 49.55900172 108.204 50.00899828 108.204 0 P 0
L 49.784 104.42300172 49.784 104.87299828 0 P 0
L 49.784 106.20100172 49.784 106.65099828 0 P 0
L 49.784 107.97900172 49.784 108.42899828 0 P 0
L 49.81300172 100.838 50.26299828 100.838 0 P 0
L 50.038 100.61300172 50.038 101.06299828 0 P 0
L 50.1609995 69.59600254 50.9310005 69.59600254 0 P 0
L 50.1609995 75.64966836 50.9310005 75.64966836 0 P 0
L 50.1609995 81.70333418 50.9310005 81.70333418 0 P 0
L 50.1609995 87.757 50.9310005 87.757 0 P 0
L 50.546 69.21100204 50.546 69.98100304 0 P 0
L 50.546 75.26466786 50.546 76.03466886 0 P 0
L 50.546 81.31833368 50.546 82.08833468 0 P 0
L 50.546 87.3719995 50.546 88.1420005 0 P 0
L 50.82900172 113.411 51.27899828 113.411 0 P 0
L 51.054 113.18600172 51.054 113.63599828 0 P 0
L 51.84500172 104.648 52.29499828 104.648 0 P 0
L 51.84500172 106.426 52.29499828 106.426 0 P 0
L 52.07 104.42300172 52.07 104.87299828 0 P 0
L 52.07 106.20100172 52.07 106.65099828 0 P 0
L 52.2224 95.123 52.9336 95.123 0 P 0
L 52.578 94.7674 52.578 95.4786 0 P 0
L 53.11500172 102.87 53.56499828 102.87 0 P 0
L 53.2384 93.726 53.9496 93.726 0 P 0
L 53.34 102.64500172 53.34 103.09499828 0 P 0
L 53.594 93.3704 53.594 94.0816 0 P 0
L 53.7464 115.951 54.4576 115.951 0 P 0
L 54.102 115.5954 54.102 116.3066 0 P 0
L 54.13100172 104.648 54.58099828 104.648 0 P 0
L 54.13100172 106.426 54.58099828 106.426 0 P 0
L 54.13100172 122.174 54.58099828 122.174 0 P 0
L 54.356 104.42300172 54.356 104.87299828 0 P 0
L 54.356 106.20100172 54.356 106.65099828 0 P 0
L 54.356 121.94900172 54.356 122.39899828 0 P 0
L 54.4100004 89.154 54.8099996 89.154 0 P 0
L 54.61 88.9540004 54.61 89.3539996 0 P 0
L 54.63900172 101.6 55.08899828 101.6 0 P 0
L 54.864 101.37500172 54.864 101.82499828 0 P 0
L 54.89300172 124.206 55.34299828 124.206 0 P 0
L 55.118 123.98100172 55.118 124.43099828 0 P 0
L 55.65500172 70.104 56.10499828 70.104 0 P 0
L 55.65500172 73.406 56.10499828 73.406 0 P 0
L 55.65500172 76.454 56.10499828 76.454 0 P 0
L 55.65500172 79.248 56.10499828 79.248 0 P 0
L 55.65500172 82.042 56.10499828 82.042 0 P 0
L 55.65500172 96.52 56.10499828 96.52 0 P 0
L 55.88 69.87900172 55.88 70.32899828 0 P 0
L 55.88 73.18100172 55.88 73.63099828 0 P 0
L 55.88 76.22900172 55.88 76.67899828 0 P 0
L 55.88 79.02300172 55.88 79.47299828 0 P 0
L 55.88 81.81700172 55.88 82.26699828 0 P 0
L 55.88 96.29500172 55.88 96.74499828 0 P 0
L 56.67100172 104.648 57.12099828 104.648 0 P 0
L 56.67100172 106.426 57.12099828 106.426 0 P 0
L 56.896 104.42300172 56.896 104.87299828 0 P 0
L 56.896 106.20100172 56.896 106.65099828 0 P 0
L 57.43300172 124.206 57.88299828 124.206 0 P 0
L 57.658 123.98100172 57.658 124.43099828 0 P 0
L 57.94100172 76.454 58.39099828 76.454 0 P 0
L 57.94100172 79.248 58.39099828 79.248 0 P 0
L 57.94100172 82.042 58.39099828 82.042 0 P 0
L 58.166 76.22900172 58.166 76.67899828 0 P 0
L 58.166 79.02300172 58.166 79.47299828 0 P 0
L 58.166 81.81700172 58.166 82.26699828 0 P 0
L 58.30250976 101.16084416 58.75250632 101.16084416 0 P 0
L 58.52750804 100.93584588 58.52750804 101.38584244 0 P 0
L 58.70300172 106.426 59.15299828 106.426 0 P 0
L 58.928 106.20100172 58.928 106.65099828 0 P 0
L 59.3344 94.234 60.0456 94.234 0 P 0
L 59.4900004 88.392 59.8899996 88.392 0 P 0
L 59.4900004 90.17 59.8899996 90.17 0 P 0
L 59.69 88.1920004 59.69 88.5919996 0 P 0
L 59.69 89.9700004 59.69 90.3699996 0 P 0
L 59.69 93.8784 59.69 94.5896 0 P 0
L 59.84600172 99.568 60.29599828 99.568 0 P 0
L 60.071 99.34300172 60.071 99.79299828 0 P 0
L 60.22700172 79.248 60.67699828 79.248 0 P 0
L 60.22700172 82.042 60.67699828 82.042 0 P 0
L 60.3504 120.777 61.0616 120.777 0 P 0
L 60.452 79.02300172 60.452 79.47299828 0 P 0
L 60.452 81.81700172 60.452 82.26699828 0 P 0
L 60.706 120.4214 60.706 121.1326 0 P 0
L 60.86200172 100.584 61.31199828 100.584 0 P 0
L 61.087 100.35900172 61.087 100.80899828 0 P 0
L 61.24300172 67.056 61.69299828 67.056 0 P 0
L 61.24300172 69.088 61.69299828 69.088 0 P 0
L 61.24300172 71.12 61.69299828 71.12 0 P 0
L 61.24300172 73.152 61.69299828 73.152 0 P 0
L 61.468 66.83100172 61.468 67.28099828 0 P 0
L 61.468 68.86300172 61.468 69.31299828 0 P 0
L 61.468 70.89500172 61.468 71.34499828 0 P 0
L 61.468 72.92700172 61.468 73.37699828 0 P 0
L 62.6364 124.968 63.3476 124.968 0 P 0
L 62.992 124.6124 62.992 125.3236 0 P 0
L 64.2579995 81.788 65.0280005 81.788 0 P 0
L 64.2579995 87.884 65.0280005 87.884 0 P 0
L 64.643 81.4029995 64.643 82.1730005 0 P 0
L 64.643 87.4989995 64.643 88.2690005 0 P 0
L 65.0494 120.777 65.7606 120.777 0 P 0
L 65.405 120.4214 65.405 121.1326 0 P 0
L 66.9060003 76.708 67.2059997 76.708 0 P 0
L 67.056 76.5580003 67.056 76.8579997 0 P 0
L 67.3640004 70.104 67.7639996 70.104 0 P 0
L 67.3640004 71.882 67.7639996 71.882 0 P 0
L 67.564 69.9040004 67.564 70.3039996 0 P 0
L 67.564 71.6820004 67.564 72.0819996 0 P 0
L 67.6680003 77.47 67.9679997 77.47 0 P 0
L 67.818 77.3200003 67.818 77.6199997 0 P 0
L 67.9990004 70.993 68.3989996 70.993 0 P 0
L 68.0949997 75.83474292 68.3949991 75.83474292 0 P 0
L 68.199 70.7930004 68.199 71.1929996 0 P 0
L 68.2244 92.456 68.9356 92.456 0 P 0
L 68.2449994 75.68474322 68.2449994 75.98474262 0 P 0
L 68.2530004 99.949 68.6529996 99.949 0 P 0
L 68.35500172 64.389 68.80499828 64.389 0 P 0
L 68.35500172 66.4669994 68.80499828 66.4669994 0 P 0
L 68.4300003 78.232 68.7299997 78.232 0 P 0
L 68.453 99.7490004 68.453 100.1489996 0 P 0
L 68.58 64.16400172 68.58 64.61399828 0 P 0
L 68.58 66.24200112 68.58 66.69199768 0 P 0
L 68.58 78.0820003 68.58 78.3819997 0 P 0
L 68.58 92.1004 68.58 92.8116 0 P 0
L 68.7610004 70.104 69.1609996 70.104 0 P 0
L 68.7610004 71.882 69.1609996 71.882 0 P 0
L 68.8880004 106.426 69.2879996 106.426 0 P 0
L 68.961 69.9040004 68.961 70.3039996 0 P 0
L 68.961 71.6820004 68.961 72.0819996 0 P 0
L 69.088 106.2260004 69.088 106.6259996 0 P 0
L 69.3379995 81.788 70.1080005 81.788 0 P 0
L 69.3379995 87.884 70.1080005 87.884 0 P 0
L 69.3960004 70.993 69.7959996 70.993 0 P 0
L 69.596 70.7930004 69.596 71.1929996 0 P 0
L 69.723 81.4029995 69.723 82.1730005 0 P 0
L 69.723 87.4989995 69.723 88.2690005 0 P 0
L 70.0310004 70.104 70.4309996 70.104 0 P 0
L 70.0310004 71.882 70.4309996 71.882 0 P 0
L 70.231 69.9040004 70.231 70.3039996 0 P 0
L 70.231 71.6820004 70.231 72.0819996 0 P 0
L 70.57589136 103.50981584 71.28709136 103.50981584 0 P 0
L 70.93149136 103.15421584 70.93149136 103.86541584 0 P 0
L 72.7964 119.634 73.5076 119.634 0 P 0
L 73.152 119.2784 73.152 119.9896 0 P 0
L 73.43500172 71.501 73.88499828 71.501 0 P 0
L 73.43500172 75.946 73.88499828 75.946 0 P 0
L 73.5584 95.25 74.2696 95.25 0 P 0
L 73.66 71.27600172 73.66 71.72599828 0 P 0
L 73.66 75.72100172 73.66 76.17099828 0 P 0
L 73.914 94.8944 73.914 95.6056 0 P 0
L 74.4179995 81.788 75.1880005 81.788 0 P 0
L 74.4179995 87.884 75.1880005 87.884 0 P 0
L 74.803 81.4029995 74.803 82.1730005 0 P 0
L 74.803 87.4989995 74.803 88.2690005 0 P 0
L 75.7460004 106.426 76.1459996 106.426 0 P 0
L 75.7460004 112.776 76.1459996 112.776 0 P 0
L 75.946 106.2260004 75.946 106.6259996 0 P 0
L 75.946 112.5760004 75.946 112.9759996 0 P 0
L 75.97500172 98.806 76.42499828 98.806 0 P 0
L 75.97500172 104.902 76.42499828 104.902 0 P 0
L 76.2 98.58100172 76.2 99.03099828 0 P 0
L 76.2 104.67700172 76.2 105.12699828 0 P 0
L 76.48300172 75.946 76.93299828 75.946 0 P 0
L 76.708 75.72100172 76.708 76.17099828 0 P 0
L 76.73700172 80.01 77.18699828 80.01 0 P 0
L 76.8604 91.821 77.5716 91.821 0 P 0
L 76.962 79.78500172 76.962 80.23499828 0 P 0
L 77.216 91.4654 77.216 92.1766 0 P 0
L 78.5900003 114.554 78.8899997 114.554 0 P 0
L 78.5900003 115.316 78.8899997 115.316 0 P 0
L 78.5900003 116.078 78.8899997 116.078 0 P 0
L 78.5900003 116.84 78.8899997 116.84 0 P 0
L 78.5900003 117.602 78.8899997 117.602 0 P 0
L 78.74 114.4040003 78.74 114.7039997 0 P 0
L 78.74 115.1660003 78.74 115.4659997 0 P 0
L 78.74 115.9280003 78.74 116.2279997 0 P 0
L 78.74 116.6900003 78.74 116.9899997 0 P 0
L 78.74 117.4520003 78.74 117.7519997 0 P 0
L 79.4979995 81.788 80.2680005 81.788 0 P 0
L 79.4979995 87.884 80.2680005 87.884 0 P 0
L 79.883 81.4029995 79.883 82.1730005 0 P 0
L 79.883 87.4989995 79.883 88.2690005 0 P 0
L 79.9084 101.727 80.6196 101.727 0 P 0
L 80.264 101.3714 80.264 102.0826 0 P 0
L 83.15711334 98.4217996 84.00711418 98.4217996 0 P 0
L 83.15711334 100.9617996 84.00711418 100.9617996 0 P 0
L 83.15711334 103.5017996 84.00711418 103.5017996 0 P 0
L 83.58211376 97.99679918 83.58211376 98.84680002 0 P 0
L 83.58211376 100.53679918 83.58211376 101.38680002 0 P 0
L 83.58211376 103.07679918 83.58211376 103.92680002 0 P 0
L 83.8454 108.839 84.5566 108.839 0 P 0
L 84.201 108.4834 84.201 109.1946 0 P 0
L 88.29400172 92.202 88.74399828 92.202 0 P 0
L 88.519 91.97700172 88.519 92.42699828 0 P 0
